[[   2   56]
 [  31   56]
 [  80   56]
 [  89   56]
 [  90   56]
 [ 124   56]
 [ 128   56]
 [ 158   56]
 [ 164   56]
 [ 178   56]
 [ 188   56]
 [ 251   56]
 [ 293   56]
 [ 314   56]
 [ 315   56]
 [ 316   56]
 [ 318   56]
 [ 322   56]
 [ 330   56]
 [ 334   56]
 [ 341   56]
 [ 347   56]
 [ 356   56]
 [ 358   56]
 [ 405   56]
 [ 422   56]
 [ 440   56]
 [ 444   56]
 [ 451   56]
 [ 485   56]
 [ 486   56]
 [ 516   56]
 [ 521   56]
 [ 538   56]
 [ 557   56]
 [ 594   56]
 [ 602   56]
 [ 635   56]
 [ 653   56]
 [ 688   56]
 [ 703   56]
 [ 725   56]
 [ 759   56]
 [ 760   56]
 [ 782   56]
 [ 825   56]
 [ 835   56]
 [ 837   56]
 [ 873   56]
 [ 886   56]
 [ 887   56]
 [ 900   56]
 [ 901   56]
 [ 902   56]
 [ 903   56]
 [ 922   56]
 [ 928   56]
 [ 931   56]
 [ 948   56]
 [ 952   56]
 [ 965   56]
 [ 966   56]
 [ 986   56]
 [1013   56]
 [1016   56]
 [1023   56]
 [1038   56]
 [1046   56]
 [1080   56]
 [1083   56]
 [1095   56]
 [1108   56]
 [1110   56]
 [1121   56]
 [1122   56]
 [1126   56]
 [1131   56]
 [1166   56]
 [1170   56]
 [1176   56]
 [1178   56]
 [1205   56]
 [1214   56]
 [1218   56]
 [1252   56]
 [1269   56]
 [1307   56]
 [1322   56]
 [1330   56]
 [1337   56]
 [1379   56]
 [1388   56]
 [1398   56]
 [1405   56]
 [1431   56]
 [1452   56]
 [1469   56]
 [1526   56]
 [1541   56]
 [1547   56]
 [1569   56]
 [1577   56]
 [1585   56]
 [1634   56]
 [1637   56]
 [1670   56]
 [1736   56]
 [1739   56]
 [1740   56]
 [1772   56]
 [1811   56]
 [1856   56]
 [1860   56]
 [1870   56]
 [1887   56]
 [1896   56]
 [1900   56]
 [1908   56]
 [1921   56]
 [1924   56]
 [1965   56]
 [1977   56]
 [1979   56]
 [1981   56]
 [2002   56]
 [2016   56]
 [2025   56]
 [2037   56]
 [2058   56]
 [2061   56]
 [2069   56]
 [2092   56]
 [2095   56]
 [2111   56]
 [2117   56]
 [2121   56]
 [2126   56]
 [2132   56]
 [2151   56]
 [2183   56]
 [2201   56]
 [2204   56]
 [2221   56]
 [2234   56]
 [2259   56]
 [2265   56]
 [2267   56]
 [2275   56]
 [2276   56]
 [2280   56]
 [2287   56]
 [2293   56]
 [2294   56]
 [2297   56]
 [2300   56]
 [2315   56]
 [2318   56]
 [2322   56]
 [2328   56]
 [2329   56]
 [2331   56]
 [2332   56]
 [2334   56]
 [2339   56]
 [2341   56]
 [2358   56]
 [2359   56]
 [2361   56]
 [2364   56]
 [2368   56]
 [2388   56]
 [2392   56]
 [2393   56]
 [2406   56]
 [2410   56]
 [2412   56]
 [2413   56]
 [2426   56]
 [2449   56]
 [2483   56]
 [2498   56]
 [2500   56]
 [2502   56]
 [2513   56]
 [2514   56]
 [2520   56]
 [2524   56]
 [2526   56]
 [2528   56]
 [2532   56]
 [2535   56]
 [2536   56]
 [2538   56]
 [2545   56]
 [2546   56]
 [2549   56]
 [2555   56]
 [2558   56]
 [2570   56]
 [2584   56]
 [2588   56]
 [2593   56]
 [2607   56]
 [2623   56]
 [2626   56]
 [2632   56]
 [2634   56]
 [2651   56]
 [2656   56]
 [2660   56]
 [2661   56]
 [2676   56]
 [2693   56]
 [2699   56]
 [2704   56]
 [2707   56]
 [2758   56]
 [2760   56]
 [2778   56]
 [2785   56]
 [2788   56]
 [2791   56]
 [2805   56]
 [2808   56]
 [3015   56]
 [3036   56]
 [3042   56]
 [3139   56]
 [3188   56]
 [3214   56]
 [3218   56]
 [3229   56]
 [3287   56]
 [3303   56]
 [3305   56]
 [3318   56]
 [3319   56]
 [3328   56]
 [3364   56]
 [3372   56]
 [3383   56]
 [3440   56]
 [3551   56]
 [3555   56]
 [3577   56]
 [3592   56]
 [3598   56]
 [3618   56]
 [3699   56]
 [3708   56]
 [3739   56]
 [3754   56]
 [3781   56]
 [3823   56]
 [3882   56]
 [3891   56]
 [3897   56]
 [3930   56]
 [3937   56]
 [3962   56]
 [3964   56]
 [3969   56]
 [3982   56]
 [4003   56]
 [4025   56]
 [4029   56]
 [4045   56]
 [4068   56]
 [4083   56]
 [4084   56]
 [4090   56]
 [4100   56]
 [4129   56]
 [4139   56]
 [4142   56]
 [4156   56]
 [4163   56]
 [4171   56]
 [4180   56]
 [4187   56]
 [4193   56]
 [4195   56]
 [4209   56]
 [4212   56]
 [4230   56]
 [4243   56]
 [4266   56]
 [4281   56]
 [4296   56]
 [4443   56]
 [4492   56]
 [4503   56]
 [4513   56]
 [4515   56]
 [4544   56]
 [4580   56]
 [4627   56]
 [4628   56]
 [4649   56]
 [4672   56]
 [4679   56]
 [4694   56]
 [4724   56]
 [4727   56]
 [4738   56]
 [4743   56]
 [4753   56]
 [4755   56]
 [4756   56]
 [4758   56]
 [4763   56]
 [4772   56]
 [4802   56]
 [4843   56]
 [4866   56]
 [4873   56]
 [4885   56]
 [4888   56]
 [4941   56]
 [4955   56]
 [4960   56]
 [4973   56]
 [4987   56]
 [4991   56]
 [4999   56]
 [5004   56]
 [5018   56]
 [5020   56]
 [5033   56]
 [5058   56]
 [5067   56]
 [5069   56]
 [5073   56]
 [5085   56]
 [5092   56]
 [5097   56]
 [5115   56]
 [5146   56]
 [5171   56]
 [5196   56]
 [5197   56]
 [5215   56]
 [5221   56]
 [5223   56]
 [5253   56]
 [5273   56]
 [5288   56]
 [5303   56]
 [5308   56]
 [5310   56]
 [5313   56]
 [5334   56]
 [5336   56]
 [5355   56]
 [5363   56]
 [5398   56]
 [5431   56]
 [5432   56]
 [5439   56]
 [5470   56]
 [5517   56]
 [5537   56]
 [5541   56]
 [5583   56]
 [5626   56]
 [5658   56]
 [5669   56]
 [5686   56]
 [5703   56]
 [5719   56]
 [5752   56]
 [5766   56]
 [5834   56]
 [5922   56]
 [5946   56]
 [5948   56]
 [5968   56]
 [5980   56]
 [5986   56]
 [6038   56]]