[[   1    1]
 [  19    1]
 [  51    1]
 [  75    1]
 [  86    1]
 [  99    1]
 [ 119    1]
 [ 153    1]
 [ 194    1]
 [ 210    1]
 [ 349    1]
 [ 468    1]
 [ 470    1]
 [ 484    1]
 [ 490    1]
 [ 580    1]
 [ 606    1]
 [ 629    1]
 [ 634    1]
 [ 719    1]
 [ 737    1]
 [ 743    1]
 [ 745    1]
 [ 753    1]
 [ 762    1]
 [ 775    1]
 [ 829    1]
 [ 866    1]
 [ 871    1]
 [ 875    1]
 [ 884    1]
 [ 888    1]
 [ 906    1]
 [ 926    1]
 [ 940    1]
 [ 960    1]
 [ 979    1]
 [ 997    1]
 [1045    1]
 [1054    1]
 [1056    1]
 [1084    1]
 [1088    1]
 [1096    1]
 [1154    1]
 [1163    1]
 [1182    1]
 [1187    1]
 [1195    1]
 [1198    1]
 [1200    1]
 [1220    1]
 [1241    1]
 [1263    1]
 [1280    1]
 [1296    1]
 [1300    1]
 [1308    1]
 [1327    1]
 [1348    1]
 [1353    1]
 [1365    1]
 [1366    1]
 [1372    1]
 [1380    1]
 [1421    1]
 [1425    1]
 [1434    1]
 [1458    1]
 [1468    1]
 [1478    1]
 [1499    1]
 [1508    1]
 [1509    1]
 [1563    1]
 [1568    1]
 [1573    1]
 [1673    1]
 [1789    1]
 [1815    1]
 [1818    1]
 [1857    1]
 [1878    1]
 [1910    1]
 [1919    1]
 [1926    1]
 [1928    1]
 [1929    1]
 [1935    1]
 [1948    1]
 [1955    1]
 [1978    1]
 [1982    1]
 [2003    1]
 [2024    1]
 [2042    1]
 [2045    1]
 [2047    1]
 [2052    1]
 [2060    1]
 [2079    1]
 [2082    1]
 [2108    1]
 [2120    1]
 [2133    1]
 [2137    1]
 [2155    1]
 [2162    1]
 [2166    1]
 [2168    1]
 [2169    1]
 [2176    1]
 [2189    1]
 [2193    1]
 [2195    1]
 [2199    1]
 [2202    1]
 [2217    1]
 [2235    1]
 [2236    1]
 [2244    1]
 [2245    1]
 [2285    1]
 [2288    1]
 [2346    1]
 [2418    1]
 [2467    1]
 [2657    1]
 [2687    1]
 [2806    1]
 [2810    1]
 [2853    1]
 [2858    1]
 [2910    1]
 [3028    1]
 [3046    1]
 [3087    1]
 [3190    1]
 [3234    1]
 [3298    1]
 [3316    1]
 [3382    1]
 [3460    1]
 [3537    1]
 [3573    1]
 [3594    1]
 [3604    1]
 [3667    1]
 [3710    1]
 [3780    1]
 [3843    1]
 [3865    1]
 [3904    1]
 [4006    1]
 [4056    1]
 [4086    1]
 [4087    1]
 [4102    1]
 [4135    1]
 [4158    1]
 [4256    1]
 [4294    1]
 [4413    1]
 [4431    1]
 [4478    1]
 [4493    1]
 [4541    1]
 [4549    1]
 [4572    1]
 [4575    1]
 [4606    1]
 [4633    1]
 [4690    1]
 [4707    1]
 [4764    1]
 [4787    1]
 [4807    1]
 [4830    1]
 [4883    1]
 [4926    1]
 [4965    1]
 [4997    1]
 [5063    1]
 [5074    1]
 [5114    1]
 [5118    1]
 [5173    1]
 [5176    1]
 [5228    1]
 [5243    1]
 [5247    1]
 [5255    1]
 [5296    1]
 [5302    1]
 [5390    1]
 [5403    1]
 [5411    1]
 [5414    1]
 [5420    1]
 [5459    1]
 [5514    1]
 [5524    1]
 [5525    1]
 [5555    1]
 [5558    1]
 [5637    1]
 [5642    1]
 [5662    1]
 [5687    1]
 [5716    1]
 [5751    1]
 [5756    1]
 [5757    1]
 [5768    1]
 [5777    1]
 [5803    1]
 [5840    1]
 [5844    1]
 [5953    1]
 [5973    1]
 [5989    1]
 [6006    1]]