[[   6   50]
 [  17   50]
 [  54   50]
 [  59   50]
 [  60   50]
 [  67   50]
 [ 148   50]
 [ 154   50]
 [ 168   50]
 [ 171   50]
 [ 177   50]
 [ 238   50]
 [ 240   50]
 [ 244   50]
 [ 270   50]
 [ 280   50]
 [ 287   50]
 [ 296   50]
 [ 307   50]
 [ 312   50]
 [ 319   50]
 [ 325   50]
 [ 326   50]
 [ 332   50]
 [ 339   50]
 [ 348   50]
 [ 366   50]
 [ 367   50]
 [ 433   50]
 [ 446   50]
 [ 452   50]
 [ 458   50]
 [ 461   50]
 [ 478   50]
 [ 493   50]
 [ 523   50]
 [ 552   50]
 [ 568   50]
 [ 571   50]
 [ 581   50]
 [ 593   50]
 [ 599   50]
 [ 612   50]
 [ 615   50]
 [ 627   50]
 [ 654   50]
 [ 657   50]
 [ 677   50]
 [ 689   50]
 [ 697   50]
 [ 700   50]
 [ 724   50]
 [ 771   50]
 [ 794   50]
 [ 796   50]
 [ 797   50]
 [ 811   50]
 [ 838   50]
 [ 841   50]
 [ 868   50]
 [ 872   50]
 [ 893   50]
 [ 895   50]
 [ 908   50]
 [ 910   50]
 [ 911   50]
 [ 917   50]
 [ 924   50]
 [ 942   50]
 [ 949   50]
 [ 953   50]
 [ 955   50]
 [ 959   50]
 [ 968   50]
 [ 984   50]
 [ 988   50]
 [ 989   50]
 [1002   50]
 [1007   50]
 [1009   50]
 [1032   50]
 [1043   50]
 [1062   50]
 [1071   50]
 [1093   50]
 [1107   50]
 [1111   50]
 [1118   50]
 [1123   50]
 [1135   50]
 [1143   50]
 [1145   50]
 [1156   50]
 [1167   50]
 [1179   50]
 [1180   50]
 [1192   50]
 [1199   50]
 [1206   50]
 [1207   50]
 [1212   50]
 [1213   50]
 [1224   50]
 [1227   50]
 [1250   50]
 [1268   50]
 [1275   50]
 [1282   50]
 [1287   50]
 [1294   50]
 [1316   50]
 [1334   50]
 [1336   50]
 [1349   50]
 [1363   50]
 [1371   50]
 [1374   50]
 [1387   50]
 [1404   50]
 [1410   50]
 [1436   50]
 [1437   50]
 [1463   50]
 [1465   50]
 [1479   50]
 [1490   50]
 [1497   50]
 [1505   50]
 [1534   50]
 [1564   50]
 [1575   50]
 [1591   50]
 [1618   50]
 [1619   50]
 [1623   50]
 [1631   50]
 [1642   50]
 [1648   50]
 [1667   50]
 [1707   50]
 [1717   50]
 [1748   50]
 [1750   50]
 [1796   50]
 [1810   50]
 [1814   50]
 [1853   50]
 [1861   50]
 [1862   50]
 [1867   50]
 [1868   50]
 [1872   50]
 [1883   50]
 [1885   50]
 [1890   50]
 [1897   50]
 [1901   50]
 [1915   50]
 [1925   50]
 [1959   50]
 [1961   50]
 [1963   50]
 [1967   50]
 [1970   50]
 [1986   50]
 [1989   50]
 [1998   50]
 [2001   50]
 [2007   50]
 [2019   50]
 [2026   50]
 [2032   50]
 [2039   50]
 [2048   50]
 [2049   50]
 [2055   50]
 [2067   50]
 [2072   50]
 [2088   50]
 [2110   50]
 [2135   50]
 [2139   50]
 [2141   50]
 [2159   50]
 [2170   50]
 [2173   50]
 [2174   50]
 [2220   50]
 [2227   50]
 [2231   50]
 [2253   50]
 [2266   50]
 [2271   50]
 [2278   50]
 [2279   50]
 [2282   50]
 [2289   50]
 [2292   50]
 [2302   50]
 [2303   50]
 [2305   50]
 [2313   50]
 [2320   50]
 [2333   50]
 [2335   50]
 [2348   50]
 [2352   50]
 [2356   50]
 [2360   50]
 [2363   50]
 [2365   50]
 [2370   50]
 [2375   50]
 [2382   50]
 [2391   50]
 [2405   50]
 [2420   50]
 [2422   50]
 [2440   50]
 [2459   50]
 [2460   50]
 [2465   50]
 [2468   50]
 [2471   50]
 [2476   50]
 [2478   50]
 [2482   50]
 [2496   50]
 [2497   50]
 [2499   50]
 [2534   50]
 [2550   50]
 [2574   50]
 [2578   50]
 [2592   50]
 [2596   50]
 [2597   50]
 [2606   50]
 [2609   50]
 [2631   50]
 [2697   50]
 [2715   50]
 [2716   50]
 [2729   50]
 [2738   50]
 [2746   50]
 [2753   50]
 [2754   50]
 [2762   50]
 [2765   50]
 [2784   50]
 [2795   50]
 [2822   50]
 [2841   50]
 [2869   50]
 [2870   50]
 [2878   50]
 [2884   50]
 [2921   50]
 [2930   50]
 [2942   50]
 [2961   50]
 [2991   50]
 [3019   50]
 [3039   50]
 [3049   50]
 [3072   50]
 [3083   50]
 [3108   50]
 [3143   50]
 [3169   50]
 [3171   50]
 [3183   50]
 [3186   50]
 [3211   50]
 [3215   50]
 [3233   50]
 [3241   50]
 [3242   50]
 [3252   50]
 [3263   50]
 [3292   50]
 [3307   50]
 [3329   50]
 [3365   50]
 [3367   50]
 [3380   50]
 [3392   50]
 [3444   50]
 [3476   50]
 [3477   50]
 [3482   50]
 [3511   50]
 [3576   50]
 [3578   50]
 [3619   50]
 [3629   50]
 [3632   50]
 [3634   50]
 [3635   50]
 [3682   50]
 [3687   50]
 [3718   50]
 [3755   50]
 [3760   50]
 [3762   50]
 [3765   50]
 [3791   50]
 [3810   50]
 [3827   50]
 [3836   50]
 [3839   50]
 [3852   50]
 [3864   50]
 [3883   50]
 [3906   50]
 [3924   50]
 [3963   50]
 [3979   50]
 [3989   50]
 [3994   50]
 [4004   50]
 [4016   50]
 [4021   50]
 [4037   50]
 [4038   50]
 [4055   50]
 [4061   50]
 [4072   50]
 [4105   50]
 [4119   50]
 [4127   50]
 [4136   50]
 [4145   50]
 [4147   50]
 [4153   50]
 [4155   50]
 [4157   50]
 [4159   50]
 [4169   50]
 [4178   50]
 [4184   50]
 [4188   50]
 [4218   50]
 [4228   50]
 [4231   50]
 [4235   50]
 [4239   50]
 [4242   50]
 [4245   50]
 [4250   50]
 [4255   50]
 [4257   50]
 [4284   50]
 [4302   50]
 [4311   50]
 [4322   50]
 [4328   50]
 [4333   50]
 [4355   50]
 [4365   50]
 [4369   50]
 [4373   50]
 [4395   50]
 [4418   50]
 [4438   50]
 [4442   50]
 [4463   50]
 [4464   50]
 [4467   50]
 [4479   50]
 [4497   50]
 [4498   50]
 [4500   50]
 [4502   50]
 [4505   50]
 [4506   50]
 [4519   50]
 [4573   50]
 [4583   50]
 [4634   50]
 [4644   50]
 [4645   50]
 [4677   50]
 [4714   50]
 [4729   50]
 [4730   50]
 [4734   50]
 [4744   50]
 [4746   50]
 [4751   50]
 [4759   50]
 [4781   50]
 [4792   50]
 [4809   50]
 [4815   50]
 [4820   50]
 [4839   50]
 [4854   50]
 [4878   50]
 [4904   50]
 [4906   50]
 [4907   50]
 [4912   50]
 [4930   50]
 [4931   50]
 [4940   50]
 [4943   50]
 [4944   50]
 [4945   50]
 [4966   50]
 [4968   50]
 [4981   50]
 [4995   50]
 [5012   50]
 [5021   50]
 [5051   50]
 [5057   50]
 [5062   50]
 [5075   50]
 [5080   50]
 [5093   50]
 [5098   50]
 [5100   50]
 [5105   50]
 [5120   50]
 [5123   50]
 [5128   50]
 [5130   50]
 [5139   50]
 [5144   50]
 [5166   50]
 [5169   50]
 [5178   50]
 [5201   50]
 [5204   50]
 [5209   50]
 [5238   50]
 [5250   50]
 [5311   50]
 [5325   50]
 [5340   50]
 [5344   50]
 [5349   50]
 [5361   50]
 [5392   50]
 [5395   50]
 [5405   50]
 [5422   50]
 [5423   50]
 [5441   50]
 [5446   50]
 [5461   50]
 [5498   50]
 [5516   50]
 [5518   50]
 [5528   50]
 [5531   50]
 [5533   50]
 [5549   50]
 [5552   50]
 [5559   50]
 [5567   50]
 [5577   50]
 [5584   50]
 [5593   50]
 [5603   50]
 [5609   50]
 [5633   50]
 [5653   50]
 [5657   50]
 [5680   50]
 [5713   50]
 [5741   50]
 [5758   50]
 [5764   50]
 [5806   50]
 [5810   50]
 [5819   50]
 [5848   50]
 [5853   50]
 [5855   50]
 [5861   50]
 [5864   50]
 [5876   50]
 [5889   50]
 [5902   50]
 [5916   50]
 [5917   50]
 [5926   50]
 [5940   50]
 [5967   50]
 [5993   50]
 [6002   50]
 [6020   50]
 [6033   50]]