1,10
2,16
3,15
4,7
5,20
6,9
7,1
8,12
9,17
10,1
11,1
12,12
13,1
14,0
15,7
16,0
17,1
18,3
19,10
20,14
21,16
22,15
23,0
24,7
25,4
26,7
27,11
28,1
29,7
30,7
31,7
32,0
33,3
34,0
35,1
36,3
37,9
38,4
39,4
40,0
41,4
42,8
43,12
44,17
45,16
46,19
47,4
48,4
49,12
50,2
51,10
52,4
53,0
54,1
55,12
56,20
57,19
58,2
59,1
60,1
61,17
62,3
63,4
64,1
65,12
66,18
67,5
68,4
69,1
70,4
71,14
72,0
73,4
74,14
75,10
76,7
77,4
78,1
79,0
80,1
81,0
82,17
83,2
84,4
85,4
86,10
87,14
88,1
89,9
90,13
91,7
92,4
93,17
94,17
95,0
96,16
97,3
98,7
99,10
100,17
101,3
102,19
103,7
104,12
105,12
106,11
107,18
108,12
109,15
110,2
111,15
112,16
113,12
114,2
115,17
116,17
117,17
118,17
119,10
120,11
121,7
122,4
123,9
124,7
125,14
126,9
127,3
128,6
129,11
130,17
131,4
132,17
133,0
134,0
135,4
136,2
137,6
138,20
139,20
140,1
141,13
142,7
143,3
144,17
145,4
146,20
147,4
148,17
149,1
150,7
151,20
152,4
153,10
154,20
155,12
156,7
157,16
158,7
159,0
160,7
161,16
162,4
163,4
164,13
165,16
166,4
167,11
168,0
169,7
170,11
171,17
172,3
173,0
174,16
175,2
176,3
177,1
178,17
179,0
180,12
181,17
182,4
183,1
184,0
185,0
186,5
187,1
188,16
189,0
190,17
191,4
192,1
193,15
194,10
195,12
196,9
197,14
198,12
199,4
200,4
201,2
202,4
203,4
204,7
205,12
206,17
207,12
208,17
209,1
210,10
211,17
212,16
213,4
214,20
215,14
216,13
217,4
218,14
219,4
220,12
221,0
222,1
223,17
224,4
225,7
226,1
227,20
228,15
229,10
230,1
231,3
232,20
233,20
234,7
235,0
236,5
237,6
238,7
239,19
240,17
241,20
242,4
243,16
244,7
245,16
246,4
247,17
248,17
249,14
250,16
251,17
252,12
253,11
254,17
255,0
256,16
257,18
258,7
259,1
260,19
261,20
262,1
263,7
264,0
265,7
266,11
267,12
268,12
269,2
270,14
271,4
272,0
273,4
274,4
275,0
276,16
277,1
278,18
279,14
280,7
281,0
282,17
283,0
284,12
285,0
286,1
287,13
288,12
289,0
290,20
291,12
292,7
293,1
294,9
295,0
296,5
297,2
298,4
299,12
300,7
301,4
302,4
303,7
304,0
305,0
306,0
307,16
308,2
309,4
310,4
311,4
312,2
313,4
314,9
315,1
316,13
317,7
318,13
319,6
320,6
321,4
322,17
323,12
324,17
325,3
326,11
327,18
328,12
329,7
330,7
331,7
332,1
333,2
334,2
335,18
336,0
337,19
338,7
339,7
340,3
341,13
342,12
343,3
344,14
345,12
346,0
347,1
348,7
349,10
350,20
351,4
352,4
353,7
354,1
355,3
356,20
357,0
358,1
359,17
360,17
361,14
362,20
363,10
364,1
365,4
366,15
367,12
368,0
369,1
370,17
371,4
372,4
373,2
374,14
375,2
376,1
377,17
378,0
379,1
380,2
381,17
382,20
383,7
384,11
385,6
386,0
387,7
388,0
389,6
390,4
391,11
392,7
393,17
394,0
395,5
396,1
397,17
398,17
399,6
400,3
401,0
402,11
403,4
404,4
405,1
406,20
407,17
408,11
409,12
410,1
411,1
412,15
413,11
414,0
415,0
416,14
417,0
418,3
419,3
420,1
421,3
422,17
423,4
424,17
425,12
426,4
427,12
428,4
429,0
430,10
431,10
432,16
433,6
434,3
435,7
436,4
437,17
438,11
439,14
440,1
441,1
442,1
443,3
444,0
445,12
446,0
447,11
448,17
449,7
450,1
451,13
452,17
453,4
454,20
455,2
456,0
457,4
458,16
459,4
460,18
461,7
462,16
463,7
464,4
465,19
466,5
467,3
468,10
469,6
470,10
471,7
472,0
473,4
474,17
475,2
476,0
477,14
478,16
479,12
480,4
481,7
482,14
483,12
484,10
485,7
486,0
487,17
488,12
489,4
490,10
491,4
492,12
493,7
494,0
495,10
496,4
497,17
498,17
499,1
500,2
501,2
502,6
503,11
504,2
505,17
506,16
507,0
508,12
509,2
510,12
511,4
512,0
513,0
514,2
515,1
516,14
517,14
518,12
519,14
520,20
521,7
522,12
523,7
524,0
525,6
526,17
527,2
528,17
529,12
530,2
531,14
532,7
533,12
534,15
535,6
536,20
537,14
538,16
539,2
540,1
541,4
542,4
543,5
544,12
545,17
546,0
547,12
548,16
549,6
550,8
551,20
552,18
553,2
554,12
555,4
556,9
557,1
558,20
559,7
560,15
561,14
562,20
563,4
564,1
565,16
566,17
567,20
568,17
569,4
570,4
571,5
572,4
573,2
574,19
575,12
576,15
577,0
578,17
579,5
580,10
581,14
582,4
583,0
584,0
585,1
586,14
587,20
588,11
589,2
590,6
591,0
592,0
593,1
594,13
595,7
596,1
597,12
598,7
599,6
600,17
601,20
602,6
603,6
604,17
605,4
606,10
607,0
608,4
609,7
610,4
611,0
612,7
613,20
614,1
615,17
616,7
617,7
618,0
619,1
620,0
621,4
622,0
623,17
624,1
625,12
626,4
627,2
628,0
629,10
630,14
631,17
632,17
633,17
634,10
635,17
636,20
637,12
638,6
639,17
640,4
641,0
642,1
643,2
644,20
645,20
646,7
647,12
648,12
649,4
650,17
651,7
652,20
653,13
654,7
655,2
656,16
657,13
658,0
659,0
660,16
661,1
662,4
663,7
664,18
665,2
666,0
667,18
668,3
669,17
670,12
671,4
672,7
673,20
674,17
675,20
676,16
677,2
678,0
679,16
680,12
681,7
682,4
683,4
684,4
685,4
686,4
687,7
688,13
689,0
690,12
691,11
692,0
693,12
694,4
695,1
696,12
697,6
698,4
699,0
700,17
701,4
702,7
703,1
704,8
705,4
706,20
707,7
708,0
709,0
710,20
711,18
712,0
713,7
714,4
715,0
716,4
717,11
718,2
719,0
720,0
721,9
722,12
723,12
724,13
725,11
726,9
727,11
728,6
729,12
730,0
731,3
732,7
733,16
734,7
735,14
736,12
737,19
738,17
739,12
740,14
741,5
742,0
743,2
744,17
745,10
746,19
747,4
748,0
749,18
750,9
751,17
752,3
753,10
754,7
755,0
756,0
757,12
758,7
759,3
760,15
761,7
762,10
763,10
764,20
765,17
766,7
767,12
768,12
769,17
770,4
771,1
772,12
773,6
774,4
775,17
776,3
777,19
778,17
779,0
780,17
781,4
782,1
783,4
784,0
785,19
786,0
787,4
788,0
789,1
790,17
791,7
792,17
793,14
794,20
795,14
796,6
797,7
798,20
799,5
800,12
801,20
802,16
803,4
804,20
805,12
806,0
807,4
808,7
809,17
810,12
811,0
812,6
813,4
814,4
815,4
816,0
817,4
818,4
819,7
820,7
821,2
822,1
823,0
824,12
825,1
826,1
827,2
828,4
829,19
830,7
831,0
832,2
833,7
834,12
835,0
836,11
837,7
838,17
839,0
840,3
841,14
842,0
843,7
844,0
845,0
846,5
847,7
848,15
849,3
850,0
851,4
852,5
853,17
854,16
855,2
856,6
857,17
858,14
859,12
860,0
861,7
862,7
863,7
864,0
865,1
866,10
867,12
868,17
869,20
870,1
871,10
872,1
873,6
874,15
875,10
876,4
877,0
878,2
879,16
880,17
881,14
882,2
883,14
884,10
885,0
886,0
887,16
888,10
889,20
890,4
891,1
892,0
893,6
894,4
895,1
896,15
897,6
898,7
899,1
900,13
901,0
902,0
903,13
904,20
905,12
906,10
907,6
908,1
909,7
910,0
911,0
912,2
913,0
914,9
915,7
916,1
917,6
918,1
919,1
920,4
921,17
922,16
923,7
924,17
925,3
926,10
927,20
928,16
929,15
930,5
931,1
932,6
933,1
934,7
935,14
936,4
937,15
938,1
939,20
940,10
941,20
942,6
943,12
944,0
945,7
946,7
947,0
948,12
949,17
950,7
951,2
952,16
953,20
954,0
955,7
956,1
957,1
958,2
959,11
960,10
961,10
962,1
963,0
964,7
965,7
966,2
967,0
968,12
969,11
970,0
971,12
972,1
973,1
974,19
975,0
976,14
977,2
978,0
979,10
980,6
981,20
982,9
983,16
984,16
985,4
986,0
987,17
988,11
989,0
990,6
991,9
992,3
993,0
994,2
995,4
996,17
997,19
998,20
999,15
1000,6
1001,4
1002,11
1003,2
1004,3
1005,11
1006,4
1007,12
1008,3
1009,7
1010,0
1011,8
1012,1
1013,13
1014,17
1015,3
1016,16
1017,0
1018,4
1019,1
1020,20
1021,0
1022,3
1023,13
1024,1
1025,16
1026,0
1027,4
1028,7
1029,0
1030,7
1031,16
1032,16
1033,5
1034,1
1035,2
1036,7
1037,7
1038,15
1039,1
1040,11
1041,2
1042,5
1043,11
1044,20
1045,10
1046,18
1047,0
1048,6
1049,14
1050,1
1051,0
1052,2
1053,0
1054,10
1055,0
1056,0
1057,17
1058,1
1059,0
1060,10
1061,0
1062,19
1063,7
1064,7
1065,0
1066,12
1067,12
1068,4
1069,20
1070,2
1071,16
1072,7
1073,6
1074,17
1075,6
1076,3
1077,3
1078,9
1079,7
1080,7
1081,4
1082,7
1083,0
1084,19
1085,7
1086,4
1087,16
1088,10
1089,6
1090,7
1091,5
1092,4
1093,14
1094,0
1095,6
1096,10
1097,17
1098,7
1099,17
1100,0
1101,1
1102,1
1103,7
1104,11
1105,6
1106,4
1107,1
1108,1
1109,10
1110,6
1111,16
1112,6
1113,4
1114,9
1115,1
1116,15
1117,14
1118,13
1119,1
1120,4
1121,7
1122,14
1123,0
1124,2
1125,4
1126,16
1127,0
1128,1
1129,17
1130,7
1131,13
1132,12
1133,2
1134,20
1135,13
1136,7
1137,4
1138,12
1139,1
1140,2
1141,3
1142,1
1143,7
1144,7
1145,3
1146,16
1147,20
1148,17
1149,12
1150,20
1151,15
1152,4
1153,10
1154,10
1155,12
1156,2
1157,7
1158,1
1159,0
1160,14
1161,0
1162,0
1163,10
1164,19
1165,12
1166,6
1167,1
1168,0
1169,20
1170,3
1171,12
1172,0
1173,7
1174,16
1175,2
1176,1
1177,17
1178,0
1179,1
1180,20
1181,7
1182,10
1183,19
1184,4
1185,1
1186,19
1187,0
1188,7
1189,0
1190,0
1191,0
1192,16
1193,12
1194,1
1195,10
1196,14
1197,1
1198,10
1199,13
1200,0
1201,4
1202,12
1203,1
1204,7
1205,0
1206,7
1207,0
1208,0
1209,7
1210,17
1211,4
1212,1
1213,0
1214,13
1215,17
1216,2
1217,12
1218,15
1219,7
1220,10
1221,0
1222,0
1223,2
1224,13
1225,7
1226,20
1227,1
1228,1
1229,4
1230,11
1231,12
1232,4
1233,20
1234,4
1235,7
1236,1
1237,4
1238,20
1239,20
1240,14
1241,10
1242,0
1243,15
1244,4
1245,17
1246,4
1247,0
1248,20
1249,2
1250,0
1251,7
1252,13
1253,20
1254,1
1255,17
1256,20
1257,14
1258,7
1259,7
1260,17
1261,4
1262,4
1263,10
1264,1
1265,20
1266,4
1267,15
1268,2
1269,13
1270,6
1271,6
1272,20
1273,2
1274,7
1275,17
1276,17
1277,0
1278,4
1279,1
1280,10
1281,19
1282,1
1283,1
1284,16
1285,4
1286,17
1287,7
1288,19
1289,6
1290,0
1291,0
1292,7
1293,5
1294,20
1295,6
1296,0
1297,7
1298,6
1299,14
1300,10
1301,2
1302,4
1303,19
1304,14
1305,20
1306,3
1307,13
1308,10
1309,14
1310,0
1311,10
1312,14
1313,4
1314,4
1315,7
1316,2
1317,7
1318,16
1319,3
1320,4
1321,14
1322,0
1323,2
1324,16
1325,1
1326,0
1327,10
1328,14
1329,14
1330,1
1331,0
1332,7
1333,17
1334,7
1335,0
1336,20
1337,17
1338,0
1339,18
1340,7
1341,7
1342,0
1343,14
1344,9
1345,2
1346,20
1347,1
1348,10
1349,7
1350,0
1351,17
1352,20
1353,10
1354,2
1355,20
1356,4
1357,0
1358,17
1359,1
1360,20
1361,0
1362,12
1363,7
1364,2
1365,10
1366,10
1367,12
1368,3
1369,5
1370,2
1371,2
1372,10
1373,1
1374,1
1375,5
1376,1
1377,16
1378,7
1379,13
1380,10
1381,11
1382,1
1383,7
1384,10
1385,5
1386,0
1387,13
1388,20
1389,17
1390,16
1391,15
1392,3
1393,4
1394,3
1395,2
1396,12
1397,7
1398,16
1399,17
1400,7
1401,1
1402,4
1403,0
1404,16
1405,13
1406,4
1407,15
1408,0
1409,4
1410,7
1411,1
1412,17
1413,3
1414,4
1415,14
1416,14
1417,16
1418,4
1419,1
1420,4
1421,10
1422,17
1423,4
1424,0
1425,10
1426,14
1427,12
1428,11
1429,3
1430,4
1431,6
1432,1
1433,14
1434,10
1435,14
1436,6
1437,3
1438,2
1439,3
1440,12
1441,16
1442,2
1443,2
1444,4
1445,2
1446,12
1447,4
1448,3
1449,20
1450,4
1451,20
1452,13
1453,14
1454,4
1455,0
1456,2
1457,1
1458,0
1459,0
1460,4
1461,0
1462,16
1463,16
1464,12
1465,16
1466,4
1467,5
1468,14
1469,20
1470,4
1471,17
1472,7
1473,14
1474,4
1475,2
1476,0
1477,1
1478,10
1479,2
1480,20
1481,17
1482,7
1483,4
1484,12
1485,9
1486,16
1487,7
1488,7
1489,2
1490,7
1491,4
1492,12
1493,14
1494,17
1495,0
1496,17
1497,5
1498,4
1499,10
1500,17
1501,11
1502,4
1503,12
1504,19
1505,11
1506,7
1507,17
1508,10
1509,0
1510,1
1511,12
1512,20
1513,16
1514,4
1515,16
1516,12
1517,0
1518,2
1519,4
1520,17
1521,7
1522,20
1523,17
1524,4
1525,16
1526,17
1527,10
1528,15
1529,4
1530,4
1531,17
1532,14
1533,1
1534,12
1535,20
1536,3
1537,20
1538,3
1539,3
1540,0
1541,17
1542,17
1543,11
1544,12
1545,20
1546,4
1547,13
1548,1
1549,6
1550,4
1551,11
1552,20
1553,15
1554,12
1555,0
1556,4
1557,4
1558,6
1559,8
1560,3
1561,4
1562,20
1563,10
1564,1
1565,17
1566,16
1567,12
1568,10
1569,13
1570,17
1571,20
1572,3
1573,0
1574,6
1575,7
1576,9
1577,0
1578,4
1579,0
1580,4
1581,4
1582,0
1583,6
1584,19
1585,20
1586,7
1587,3
1588,11
1589,0
1590,1
1591,7
1592,7
1593,16
1594,20
1595,1
1596,5
1597,12
1598,13
1599,0
1600,7
1601,12
1602,7
1603,0
1604,11
1605,0
1606,3
1607,1
1608,11
1609,9
1610,11
1611,0
1612,17
1613,20
1614,0
1615,7
1616,0
1617,12
1618,0
1619,3
1620,20
1621,4
1622,4
1623,15
1624,0
1625,0
1626,4
1627,17
1628,20
1629,4
1630,17
1631,0
1632,16
1633,7
1634,0
1635,0
1636,19
1637,0
1638,17
1639,17
1640,17
1641,0
1642,13
1643,2
1644,12
1645,9
1646,20
1647,18
1648,14
1649,19
1650,19
1651,12
1652,16
1653,0
1654,0
1655,4
1656,17
1657,0
1658,6
1659,9
1660,2
1661,7
1662,12
1663,4
1664,4
1665,17
1666,14
1667,16
1668,2
1669,17
1670,13
1671,0
1672,17
1673,10
1674,2
1675,6
1676,4
1677,14
1678,17
1679,12
1680,20
1681,4
1682,2
1683,7
1684,3
1685,12
1686,12
1687,3
1688,4
1689,5
1690,16
1691,17
1692,20
1693,12
1694,12
1695,1
1696,7
1697,4
1698,2
1699,19
1700,20
1701,4
1702,10
1703,15
1704,4
1705,4
1706,20
1707,1
1708,0
1709,0
1710,0
1711,4
1712,0
1713,0
1714,17
1715,16
1716,0
1717,6
1718,4
1719,16
1720,4
1721,19
1722,0
1723,17
1724,4
1725,19
1726,2
1727,16
1728,4
1729,7
1730,4
1731,0
1732,4
1733,14
1734,17
1735,20
1736,8
1737,20
1738,16
1739,16
1740,1
1741,7
1742,15
1743,17
1744,12
1745,0
1746,4
1747,0
1748,1
1749,2
1750,5
1751,20
1752,3
1753,6
1754,19
1755,4
1756,1
1757,4
1758,0
1759,16
1760,3
1761,0
1762,14
1763,7
1764,0
1765,4
1766,0
1767,20
1768,16
1769,17
1770,16
1771,17
1772,2
1773,4
1774,17
1775,4
1776,0
1777,20
1778,4
1779,1
1780,1
1781,0
1782,0
1783,4
1784,20
1785,4
1786,1
1787,8
1788,2
1789,10
1790,0
1791,4
1792,2
1793,4
1794,11
1795,17
1796,11
1797,7
1798,11
1799,11
1800,4
1801,6
1802,4
1803,2
1804,7
1805,4
1806,4
1807,17
1808,4
1809,14
1810,13
1811,2
1812,12
1813,6
1814,7
1815,1
1816,9
1817,1
1818,8
1819,12
1820,20
1821,20
1822,0
1823,1
1824,4
1825,7
1826,11
1827,1
1828,4
1829,16
1830,4
1831,4
1832,4
1833,17
1834,5
1835,19
1836,0
1837,2
1838,7
1839,4
1840,12
1841,0
1842,4
1843,12
1844,4
1845,2
1846,12
1847,4
1848,5
1849,7
1850,5
1851,19
1852,12
1853,0
1854,0
1855,4
1856,7
1857,10
1858,4
1859,4
1860,16
1861,16
1862,14
1863,4
1864,7
1865,1
1866,7
1867,7
1868,11
1869,14
1870,13
1871,1
1872,20
1873,7
1874,7
1875,12
1876,12
1877,20
1878,10
1879,4
1880,0
1881,2
1882,16
1883,0
1884,20
1885,17
1886,12
1887,15
1888,12
1889,14
1890,6
1891,1
1892,20
1893,0
1894,7
1895,14
1896,13
1897,2
1898,12
1899,6
1900,12
1901,7
1902,19
1903,0
1904,1
1905,20
1906,5
1907,17
1908,13
1909,4
1910,10
1911,4
1912,4
1913,17
1914,14
1915,13
1916,7
1917,10
1918,6
1919,0
1920,7
1921,12
1922,7
1923,7
1924,6
1925,7
1926,0
1927,7
1928,10
1929,10
1930,15
1931,2
1932,7
1933,19
1934,17
1935,10
1936,0
1937,11
1938,2
1939,2
1940,12
1941,17
1942,5
1943,4
1944,4
1945,20
1946,14
1947,7
1948,10
1949,17
1950,12
1951,4
1952,1
1953,2
1954,16
1955,19
1956,0
1957,4
1958,1
1959,13
1960,7
1961,3
1962,1
1963,9
1964,6
1965,17
1966,20
1967,7
1968,11
1969,3
1970,13
1971,14
1972,17
1973,1
1974,17
1975,4
1976,5
1977,6
1978,10
1979,17
1980,7
1981,1
1982,10
1983,14
1984,10
1985,12
1986,13
1987,17
1988,1
1989,6
1990,7
1991,20
1992,4
1993,17
1994,2
1995,1
1996,0
1997,0
1998,9
1999,3
2000,4
2001,1
2002,13
2003,10
2004,19
2005,4
2006,0
2007,16
2008,3
2009,7
2010,4
2011,3
2012,4
2013,0
2014,4
2015,4
2016,2
2017,17
2018,16
2019,1
2020,7
2021,0
2022,7
2023,4
2024,19
2025,13
2026,16
2027,9
2028,6
2029,12
2030,4
2031,20
2032,14
2033,20
2034,2
2035,0
2036,14
2037,14
2038,1
2039,16
2040,7
2041,20
2042,10
2043,14
2044,0
2045,0
2046,1
2047,10
2048,6
2049,0
2050,3
2051,7
2052,10
2053,11
2054,12
2055,11
2056,4
2057,1
2058,1
2059,0
2060,1
2061,1
2062,4
2063,4
2064,1
2065,6
2066,6
2067,16
2068,12
2069,15
2070,6
2071,7
2072,12
2073,4
2074,4
2075,4
2076,4
2077,0
2078,4
2079,10
2080,11
2081,17
2082,19
2083,4
2084,4
2085,0
2086,14
2087,0
2088,7
2089,17
2090,17
2091,20
2092,1
2093,0
2094,2
2095,13
2096,17
2097,5
2098,20
2099,0
2100,0
2101,16
2102,11
2103,12
2104,15
2105,1
2106,20
2107,1
2108,10
2109,16
2110,11
2111,13
2112,12
2113,6
2114,18
2115,17
2116,4
2117,13
2118,14
2119,4
2120,0
2121,13
2122,12
2123,0
2124,0
2125,3
2126,14
2127,4
2128,1
2129,5
2130,0
2131,0
2132,14
2133,10
2134,10
2135,1
2136,18
2137,10
2138,4
2139,3
2140,14
2141,16
2142,14
2143,4
2144,0
2145,10
2146,2
2147,0
2148,0
2149,0
2150,4
2151,13
2152,4
2153,16
2154,12
2155,10
2156,19
2157,3
2158,12
2159,14
2160,19
2161,2
2162,10
2163,0
2164,0
2165,7
2166,10
2167,6
2168,10
2169,0
2170,16
2171,0
2172,20
2173,13
2174,12
2175,4
2176,19
2177,20
2178,14
2179,0
2180,12
2181,0
2182,4
2183,1
2184,4
2185,17
2186,5
2187,16
2188,19
2189,10
2190,15
2191,4
2192,0
2193,10
2194,17
2195,10
2196,12
2197,1
2198,9
2199,10
2200,1
2201,20
2202,10
2203,12
2204,3
2205,7
2206,7
2207,4
2208,0
2209,7
2210,17
2211,6
2212,4
2213,0
2214,1
2215,0
2216,20
2217,10
2218,17
2219,6
2220,3
2221,17
2222,1
2223,2
2224,12
2225,5
2226,7
2227,14
2228,12
2229,0
2230,1
2231,11
2232,14
2233,3
2234,1
2235,10
2236,10
2237,6
2238,4
2239,10
2240,12
2241,5
2242,4
2243,2
2244,10
2245,10
2246,0
2247,2
2248,12
2249,5
2250,19
2251,14
2252,1
2253,0
2254,5
2255,6
2256,15
2257,4
2258,4
2259,16
2260,20
2261,5
2262,17
2263,6
2264,7
2265,13
2266,2
2267,13
2268,1
2269,0
2270,1
2271,14
2272,0
2273,6
2274,2
2275,7
2276,13
2277,9
2278,17
2279,7
2280,6
2281,11
2282,2
2283,18
2284,20
2285,10
2286,17
2287,0
2288,10
2289,1
2290,0
2291,1
2292,15
2293,3
2294,13
2295,11
2296,6
2297,13
2298,17
2299,10
2300,13
2301,12
2302,12
2303,17
2304,12
2305,20
2306,4
2307,17
2308,16
2309,0
2310,12
2311,4
2312,0
2313,6
2314,1
2315,7
2316,0
2317,9
2318,7
2319,7
2320,1
2321,7
2322,13
2323,3
2324,17
2325,4
2326,4
2327,10
2328,7
2329,15
2330,7
2331,1
2332,14
2333,6
2334,7
2335,17
2336,18
2337,17
2338,17
2339,3
2340,2
2341,1
2342,3
2343,1
2344,12
2345,16
2346,10
2347,1
2348,12
2349,8
2350,4
2351,0
2352,13
2353,9
2354,11
2355,9
2356,16
2357,14
2358,6
2359,13
2360,6
2361,7
2362,14
2363,14
2364,9
2365,7
2366,16
2367,9
2368,13
2369,14
2370,1
2371,7
2372,7
2373,7
2374,14
2375,7
2376,1
2377,0
2378,3
2379,18
2380,4
2381,9
2382,13
2383,14
2384,17
2385,2
2386,0
2387,17
2388,5
2389,16
2390,6
2391,18
2392,3
2393,13
2394,6
2395,7
2396,0
2397,11
2398,0
2399,17
2400,16
2401,4
2402,17
2403,4
2404,7
2405,8
2406,12
2407,16
2408,1
2409,9
2410,7
2411,14
2412,13
2413,7
2414,1
2415,7
2416,7
2417,1
2418,10
2419,0
2420,7
2421,7
2422,9
2423,9
2424,17
2425,14
2426,0
2427,14
2428,17
2429,2
2430,4
2431,4
2432,4
2433,4
2434,4
2435,4
2436,7
2437,4
2438,1
2439,17
2440,17
2441,6
2442,17
2443,0
2444,4
2445,0
2446,7
2447,14
2448,6
2449,13
2450,16
2451,12
2452,7
2453,7
2454,0
2455,7
2456,5
2457,0
2458,7
2459,7
2460,1
2461,4
2462,1
2463,7
2464,4
2465,6
2466,15
2467,10
2468,1
2469,4
2470,18
2471,13
2472,18
2473,12
2474,12
2475,18
2476,12
2477,0
2478,1
2479,1
2480,20
2481,14
2482,3
2483,13
2484,5
2485,14
2486,12
2487,7
2488,2
2489,9
2490,12
2491,7
2492,2
2493,2
2494,4
2495,4
2496,1
2497,14
2498,18
2499,0
2500,1
2501,15
2502,13
2503,17
2504,7
2505,7
2506,14
2507,4
2508,3
2509,5
2510,7
2511,7
2512,14
2513,1
2514,14
2515,12
2516,6
2517,9
2518,7
2519,2
2520,2
2521,17
2522,11
2523,17
2524,9
2525,1
2526,13
2527,15
2528,0
2529,9
2530,0
2531,7
2532,13
2533,3
2534,6
2535,2
2536,13
2537,11
2538,13
2539,7
2540,6
2541,5
2542,13
2543,0
2544,1
2545,13
2546,13
2547,0
2548,6
2549,13
2550,7
2551,12
2552,9
2553,7
2554,1
2555,7
2556,4
2557,19
2558,17
2559,10
2560,6
2561,15
2562,0
2563,13
2564,20
2565,5
2566,17
2567,0
2568,17
2569,0
2570,14
2571,17
2572,14
2573,16
2574,6
2575,7
2576,17
2577,7
2578,7
2579,15
2580,1
2581,11
2582,1
2583,7
2584,1
2585,15
2586,20
2587,7
2588,13
2589,0
2590,4
2591,1
2592,7
2593,16
2594,7
2595,4
2596,7
2597,0
2598,17
2599,12
2600,14
2601,16
2602,12
2603,17
2604,0
2605,7
2606,7
2607,0
2608,1
2609,12
2610,7
2611,3
2612,3
2613,1
2614,7
2615,7
2616,7
2617,15
2618,4
2619,12
2620,4
2621,0
2622,6
2623,1
2624,0
2625,7
2626,1
2627,1
2628,2
2629,11
2630,5
2631,1
2632,0
2633,9
2634,1
2635,0
2636,12
2637,20
2638,14
2639,6
2640,12
2641,6
2642,0
2643,17
2644,15
2645,7
2646,17
2647,11
2648,17
2649,16
2650,7
2651,14
2652,20
2653,7
2654,9
2655,7
2656,13
2657,10
2658,7
2659,14
2660,17
2661,13
2662,17
2663,4
2664,7
2665,11
2666,16
2667,6
2668,4
2669,0
2670,6
2671,12
2672,7
2673,7
2674,4
2675,18
2676,20
2677,7
2678,6
2679,4
2680,12
2681,4
2682,4
2683,7
2684,0
2685,7
2686,0
2687,10
2688,17
2689,12
2690,7
2691,4
2692,4
2693,13
2694,4
2695,11
2696,7
2697,17
2698,2
2699,13
2700,7
2701,1
2702,6
2703,11
2704,13
2705,1
2706,1
2707,13
2708,7
2709,0
2710,17
2711,4
2712,19
2713,7
2714,4
2715,4
2716,4
2717,4
2718,4
2719,12
2720,0
2721,14
2722,7
2723,9
2724,2
2725,7
2726,11
2727,11
2728,12
2729,7
2730,11
2731,7
2732,17
2733,17
2734,4
2735,7
2736,12
2737,3
2738,2
2739,7
2740,17
2741,14
2742,17
2743,14
2744,17
2745,1
2746,14
2747,4
2748,4
2749,12
2750,15
2751,16
2752,15
2753,20
2754,12
2755,7
2756,4
2757,2
2758,8
2759,7
2760,0
2761,6
2762,16
2763,4
2764,7
2765,7
2766,7
2767,0
2768,17
2769,7
2770,1
2771,1
2772,17
2773,2
2774,1
2775,4
2776,14
2777,4
2778,13
2779,7
2780,17
2781,4
2782,4
2783,17
2784,20
2785,13
2786,4
2787,4
2788,1
2789,4
2790,20
2791,7
2792,4
2793,7
2794,2
2795,13
2796,14
2797,7
2798,20
2799,0
2800,4
2801,3
2802,20
2803,7
2804,0
2805,19
2806,10
2807,11
2808,16
2809,7
2810,10
2811,19
2812,17
2813,20
2814,7
2815,17
2816,7
2817,12
2818,12
2819,14
2820,0
2821,20
2822,7
2823,4
2824,4
2825,20
2826,12
2827,17
2828,4
2829,20
2830,7
2831,0
2832,17
2833,15
2834,1
2835,20
2836,12
2837,0
2838,1
2839,17
2840,0
2841,12
2842,17
2843,4
2844,20
2845,4
2846,4
2847,4
2848,0
2849,11
2850,20
2851,7
2852,12
2853,1
2854,4
2855,4
2856,11
2857,0
2858,10
2859,1
2860,17
2861,15
2862,7
2863,2
2864,3
2865,6
2866,7
2867,17
2868,12
2869,17
2870,18
2871,14
2872,20
2873,4
2874,20
2875,2
2876,17
2877,1
2878,20
2879,4
2880,12
2881,12
2882,20
2883,20
2884,3
2885,1
2886,4
2887,3
2888,14
2889,3
2890,7
2891,4
2892,4
2893,1
2894,4
2895,11
2896,14
2897,5
2898,4
2899,14
2900,12
2901,17
2902,12
2903,16
2904,4
2905,17
2906,19
2907,5
2908,2
2909,7
2910,19
2911,4
2912,4
2913,20
2914,4
2915,7
2916,2
2917,0
2918,12
2919,17
2920,2
2921,1
2922,17
2923,12
2924,4
2925,4
2926,2
2927,12
2928,2
2929,2
2930,17
2931,4
2932,12
2933,11
2934,20
2935,0
2936,4
2937,4
2938,0
2939,15
2940,0
2941,12
2942,1
2943,12
2944,4
2945,17
2946,16
2947,0
2948,14
2949,17
2950,0
2951,14
2952,4
2953,20
2954,2
2955,14
2956,12
2957,4
2958,7
2959,17
2960,4
2961,17
2962,3
2963,4
2964,17
2965,4
2966,4
2967,0
2968,0
2969,7
2970,4
2971,4
2972,4
2973,4
2974,4
2975,11
2976,20
2977,4
2978,20
2979,2
2980,7
2981,6
2982,4
2983,4
2984,4
2985,4
2986,4
2987,4
2988,6
2989,12
2990,12
2991,1
2992,4
2993,19
2994,5
2995,15
2996,0
2997,16
2998,1
2999,7
3000,4
3001,4
3002,11
3003,15
3004,4
3005,17
3006,4
3007,0
3008,4
3009,3
3010,12
3011,1
3012,12
3013,17
3014,7
3015,6
3016,12
3017,9
3018,0
3019,12
3020,7
3021,15
3022,17
3023,7
3024,17
3025,0
3026,4
3027,4
3028,10
3029,4
3030,1
3031,4
3032,0
3033,4
3034,1
3035,7
3036,13
3037,2
3038,2
3039,3
3040,8
3041,4
3042,1
3043,2
3044,16
3045,1
3046,4
3047,4
3048,2
3049,0
3050,12
3051,17
3052,12
3053,3
3054,4
3055,3
3056,18
3057,12
3058,12
3059,0
3060,1
3061,2
3062,4
3063,4
3064,17
3065,4
3066,4
3067,0
3068,9
3069,4
3070,4
3071,1
3072,1
3073,0
3074,0
3075,11
3076,17
3077,4
3078,1
3079,1
3080,20
3081,7
3082,6
3083,0
3084,16
3085,4
3086,12
3087,1
3088,4
3089,16
3090,2
3091,0
3092,15
3093,20
3094,0
3095,3
3096,3
3097,5
3098,4
3099,17
3100,6
3101,15
3102,12
3103,20
3104,17
3105,12
3106,0
3107,17
3108,6
3109,11
3110,0
3111,4
3112,12
3113,10
3114,5
3115,17
3116,12
3117,0
3118,0
3119,1
3120,4
3121,2
3122,7
3123,2
3124,12
3125,7
3126,2
3127,0
3128,2
3129,7
3130,7
3131,2
3132,7
3133,4
3134,4
3135,15
3136,4
3137,11
3138,17
3139,13
3140,4
3141,14
3142,20
3143,16
3144,7
3145,4
3146,0
3147,14
3148,20
3149,4
3150,3
3151,0
3152,4
3153,4
3154,4
3155,7
3156,7
3157,12
3158,15
3159,15
3160,17
3161,7
3162,1
3163,15
3164,12
3165,7
3166,4
3167,2
3168,5
3169,0
3170,0
3171,3
3172,12
3173,12
3174,14
3175,16
3176,17
3177,6
3178,5
3179,20
3180,14
3181,12
3182,12
3183,7
3184,18
3185,7
3186,1
3187,12
3188,13
3189,16
3190,17
3191,12
3192,4
3193,0
3194,15
3195,4
3196,4
3197,14
3198,12
3199,0
3200,1
3201,7
3202,4
3203,0
3204,16
3205,16
3206,20
3207,7
3208,14
3209,0
3210,0
3211,16
3212,17
3213,1
3214,7
3215,13
3216,1
3217,0
3218,6
3219,4
3220,7
3221,0
3222,7
3223,20
3224,14
3225,0
3226,4
3227,14
3228,14
3229,1
3230,16
3231,7
3232,12
3233,2
3234,0
3235,4
3236,15
3237,7
3238,7
3239,12
3240,4
3241,0
3242,13
3243,12
3244,4
3245,2
3246,1
3247,15
3248,7
3249,4
3250,4
3251,17
3252,0
3253,4
3254,6
3255,15
3256,15
3257,14
3258,6
3259,4
3260,4
3261,20
3262,14
3263,11
3264,1
3265,15
3266,4
3267,4
3268,12
3269,20
3270,11
3271,0
3272,0
3273,7
3274,20
3275,7
3276,20
3277,17
3278,7
3279,15
3280,7
3281,17
3282,3
3283,16
3284,6
3285,4
3286,7
3287,13
3288,14
3289,6
3290,14
3291,7
3292,6
3293,14
3294,4
3295,18
3296,14
3297,4
3298,10
3299,4
3300,5
3301,2
3302,17
3303,17
3304,5
3305,20
3306,14
3307,6
3308,20
3309,17
3310,14
3311,4
3312,4
3313,20
3314,7
3315,12
3316,19
3317,4
3318,13
3319,13
3320,1
3321,1
3322,4
3323,14
3324,17
3325,14
3326,7
3327,12
3328,19
3329,18
3330,1
3331,7
3332,7
3333,16
3334,0
3335,0
3336,17
3337,4
3338,16
3339,17
3340,16
3341,20
3342,5
3343,4
3344,0
3345,7
3346,7
3347,7
3348,16
3349,4
3350,0
3351,5
3352,0
3353,17
3354,7
3355,1
3356,7
3357,18
3358,1
3359,20
3360,0
3361,4
3362,0
3363,9
3364,13
3365,17
3366,14
3367,16
3368,14
3369,18
3370,4
3371,2
3372,13
3373,16
3374,5
3375,4
3376,16
3377,17
3378,4
3379,1
3380,0
3381,0
3382,10
3383,16
3384,7
3385,9
3386,4
3387,1
3388,1
3389,0
3390,20
3391,4
3392,6
3393,12
3394,7
3395,7
3396,12
3397,5
3398,20
3399,4
3400,14
3401,7
3402,20
3403,5
3404,8
3405,14
3406,7
3407,5
3408,17
3409,4
3410,1
3411,4
3412,18
3413,17
3414,17
3415,7
3416,12
3417,2
3418,3
3419,1
3420,7
3421,7
3422,5
3423,7
3424,6
3425,20
3426,20
3427,14
3428,1
3429,7
3430,1
3431,6
3432,12
3433,12
3434,4
3435,1
3436,0
3437,0
3438,0
3439,17
3440,17
3441,14
3442,12
3443,17
3444,14
3445,20
3446,7
3447,12
3448,3
3449,14
3450,5
3451,11
3452,14
3453,7
3454,0
3455,0
3456,17
3457,20
3458,0
3459,4
3460,4
3461,0
3462,4
3463,15
3464,14
3465,14
3466,14
3467,14
3468,20
3469,17
3470,17
3471,4
3472,6
3473,16
3474,11
3475,14
3476,0
3477,1
3478,7
3479,4
3480,0
3481,4
3482,17
3483,7
3484,4
3485,0
3486,0
3487,4
3488,17
3489,4
3490,0
3491,16
3492,7
3493,17
3494,1
3495,4
3496,5
3497,2
3498,17
3499,3
3500,7
3501,7
3502,7
3503,4
3504,7
3505,15
3506,12
3507,0
3508,4
3509,4
3510,4
3511,0
3512,17
3513,16
3514,12
3515,3
3516,4
3517,12
3518,7
3519,14
3520,0
3521,0
3522,0
3523,7
3524,0
3525,4
3526,2
3527,0
3528,5
3529,1
3530,0
3531,11
3532,14
3533,2
3534,17
3535,18
3536,4
3537,10
3538,0
3539,4
3540,17
3541,3
3542,15
3543,17
3544,4
3545,12
3546,20
3547,16
3548,7
3549,7
3550,5
3551,0
3552,2
3553,16
3554,15
3555,7
3556,17
3557,5
3558,17
3559,4
3560,6
3561,14
3562,6
3563,2
3564,11
3565,18
3566,0
3567,14
3568,0
3569,2
3570,12
3571,4
3572,11
3573,10
3574,6
3575,18
3576,7
3577,0
3578,3
3579,0
3580,3
3581,1
3582,0
3583,9
3584,0
3585,20
3586,20
3587,3
3588,2
3589,0
3590,15
3591,6
3592,2
3593,9
3594,0
3595,0
3596,4
3597,17
3598,1
3599,16
3600,20
3601,3
3602,12
3603,7
3604,10
3605,12
3606,15
3607,17
3608,9
3609,17
3610,6
3611,2
3612,14
3613,0
3614,0
3615,17
3616,0
3617,7
3618,17
3619,16
3620,7
3621,4
3622,1
3623,11
3624,12
3625,10
3626,17
3627,1
3628,7
3629,7
3630,4
3631,4
3632,11
3633,18
3634,1
3635,1
3636,0
3637,6
3638,2
3639,4
3640,7
3641,0
3642,7
3643,17
3644,11
3645,17
3646,20
3647,7
3648,4
3649,0
3650,0
3651,14
3652,12
3653,15
3654,17
3655,7
3656,5
3657,17
3658,7
3659,4
3660,7
3661,12
3662,16
3663,9
3664,1
3665,0
3666,0
3667,10
3668,7
3669,14
3670,14
3671,4
3672,5
3673,2
3674,20
3675,7
3676,12
3677,12
3678,0
3679,4
3680,1
3681,7
3682,1
3683,2
3684,17
3685,5
3686,7
3687,1
3688,6
3689,0
3690,0
3691,7
3692,17
3693,15
3694,12
3695,2
3696,7
3697,15
3698,7
3699,3
3700,14
3701,1
3702,15
3703,12
3704,0
3705,7
3706,12
3707,0
3708,7
3709,12
3710,10
3711,0
3712,17
3713,7
3714,17
3715,5
3716,12
3717,17
3718,17
3719,1
3720,7
3721,15
3722,18
3723,14
3724,6
3725,4
3726,17
3727,7
3728,4
3729,4
3730,1
3731,17
3732,17
3733,4
3734,4
3735,0
3736,1
3737,14
3738,7
3739,11
3740,5
3741,0
3742,0
3743,7
3744,0
3745,9
3746,5
3747,13
3748,4
3749,0
3750,4
3751,12
3752,1
3753,7
3754,7
3755,14
3756,12
3757,7
3758,5
3759,6
3760,0
3761,17
3762,6
3763,2
3764,1
3765,3
3766,1
3767,0
3768,4
3769,15
3770,3
3771,1
3772,17
3773,6
3774,0
3775,12
3776,4
3777,4
3778,0
3779,2
3780,0
3781,11
3782,0
3783,7
3784,1
3785,20
3786,0
3787,0
3788,0
3789,0
3790,17
3791,18
3792,6
3793,4
3794,4
3795,4
3796,14
3797,7
3798,7
3799,0
3800,1
3801,12
3802,0
3803,9
3804,6
3805,1
3806,4
3807,19
3808,7
3809,6
3810,7
3811,15
3812,17
3813,7
3814,15
3815,17
3816,3
3817,3
3818,17
3819,12
3820,17
3821,20
3822,20
3823,7
3824,17
3825,1
3826,1
3827,2
3828,20
3829,1
3830,4
3831,6
3832,7
3833,1
3834,2
3835,7
3836,8
3837,17
3838,14
3839,14
3840,0
3841,18
3842,16
3843,10
3844,4
3845,12
3846,0
3847,7
3848,15
3849,0
3850,3
3851,12
3852,16
3853,14
3854,14
3855,17
3856,20
3857,14
3858,9
3859,0
3860,17
3861,4
3862,17
3863,0
3864,20
3865,10
3866,14
3867,3
3868,12
3869,17
3870,17
3871,4
3872,1
3873,2
3874,7
3875,0
3876,0
3877,1
3878,16
3879,3
3880,7
3881,2
3882,14
3883,16
3884,4
3885,12
3886,7
3887,4
3888,17
3889,6
3890,4
3891,16
3892,20
3893,6
3894,16
3895,0
3896,0
3897,17
3898,11
3899,17
3900,14
3901,14
3902,5
3903,0
3904,10
3905,17
3906,17
3907,14
3908,0
3909,17
3910,20
3911,0
3912,4
3913,17
3914,4
3915,3
3916,4
3917,9
3918,18
3919,0
3920,17
3921,14
3922,4
3923,2
3924,12
3925,12
3926,2
3927,16
3928,0
3929,5
3930,3
3931,5
3932,7
3933,6
3934,0
3935,18
3936,12
3937,2
3938,2
3939,7
3940,20
3941,17
3942,4
3943,7
3944,16
3945,1
3946,12
3947,0
3948,12
3949,0
3950,4
3951,4
3952,1
3953,12
3954,4
3955,0
3956,0
3957,11
3958,7
3959,1
3960,14
3961,1
3962,0
3963,20
3964,16
3965,11
3966,0
3967,2
3968,2
3969,7
3970,2
3971,4
3972,6
3973,7
3974,0
3975,5
3976,0
3977,14
3978,13
3979,9
3980,4
3981,0
3982,13
3983,0
3984,7
3985,16
3986,7
3987,4
3988,14
3989,12
3990,16
3991,7
3992,4
3993,0
3994,7
3995,17
3996,14
3997,17
3998,0
3999,17
4000,7
4001,1
4002,16
4003,13
4004,0
4005,7
4006,7
4007,12
4008,1
4009,7
4010,14
4011,17
4012,4
4013,1
4014,0
4015,3
4016,0
4017,14
4018,20
4019,17
4020,6
4021,20
4022,14
4023,9
4024,5
4025,6
4026,7
4027,7
4028,4
4029,3
4030,7
4031,0
4032,12
4033,6
4034,0
4035,4
4036,1
4037,16
4038,6
4039,16
4040,20
4041,3
4042,15
4043,15
4044,3
4045,13
4046,17
4047,4
4048,1
4049,11
4050,6
4051,14
4052,2
4053,18
4054,3
4055,0
4056,10
4057,6
4058,6
4059,14
4060,18
4061,6
4062,7
4063,1
4064,0
4065,5
4066,0
4067,20
4068,3
4069,15
4070,15
4071,17
4072,6
4073,6
4074,6
4075,16
4076,17
4077,2
4078,15
4079,17
4080,1
4081,12
4082,20
4083,14
4084,13
4085,6
4086,10
4087,4
4088,3
4089,7
4090,6
4091,17
4092,0
4093,4
4094,17
4095,0
4096,15
4097,7
4098,7
4099,17
4100,6
4101,4
4102,10
4103,16
4104,16
4105,7
4106,16
4107,0
4108,17
4109,3
4110,7
4111,15
4112,18
4113,17
4114,14
4115,15
4116,7
4117,4
4118,3
4119,1
4120,16
4121,7
4122,19
4123,4
4124,18
4125,2
4126,17
4127,17
4128,6
4129,11
4130,6
4131,7
4132,17
4133,4
4134,12
4135,10
4136,16
4137,7
4138,7
4139,14
4140,0
4141,17
4142,7
4143,5
4144,4
4145,1
4146,17
4147,7
4148,7
4149,1
4150,0
4151,20
4152,14
4153,17
4154,1
4155,17
4156,20
4157,18
4158,10
4159,9
4160,20
4161,0
4162,14
4163,7
4164,1
4165,14
4166,7
4167,20
4168,6
4169,0
4170,7
4171,16
4172,7
4173,11
4174,3
4175,0
4176,7
4177,17
4178,16
4179,20
4180,13
4181,7
4182,18
4183,1
4184,7
4185,14
4186,7
4187,20
4188,7
4189,14
4190,17
4191,15
4192,17
4193,13
4194,4
4195,13
4196,14
4197,1
4198,4
4199,9
4200,7
4201,0
4202,7
4203,18
4204,7
4205,15
4206,1
4207,1
4208,0
4209,0
4210,17
4211,5
4212,18
4213,7
4214,0
4215,7
4216,17
4217,4
4218,17
4219,17
4220,0
4221,4
4222,17
4223,17
4224,1
4225,3
4226,6
4227,19
4228,18
4229,17
4230,13
4231,18
4232,20
4233,4
4234,3
4235,2
4236,3
4237,14
4238,16
4239,7
4240,17
4241,7
4242,7
4243,7
4244,17
4245,12
4246,7
4247,4
4248,4
4249,17
4250,0
4251,7
4252,3
4253,11
4254,17
4255,12
4256,2
4257,16
4258,17
4259,17
4260,16
4261,6
4262,6
4263,7
4264,1
4265,12
4266,13
4267,7
4268,20
4269,18
4270,7
4271,7
4272,17
4273,13
4274,1
4275,16
4276,0
4277,16
4278,7
4279,16
4280,17
4281,13
4282,0
4283,9
4284,7
4285,0
4286,17
4287,7
4288,9
4289,14
4290,17
4291,14
4292,0
4293,9
4294,10
4295,18
4296,6
4297,15
4298,14
4299,2
4300,4
4301,11
4302,1
4303,2
4304,0
4305,17
4306,7
4307,0
4308,0
4309,0
4310,4
4311,13
4312,18
4313,7
4314,17
4315,4
4316,6
4317,14
4318,5
4319,7
4320,5
4321,7
4322,6
4323,4
4324,5
4325,0
4326,13
4327,17
4328,3
4329,14
4330,6
4331,6
4332,3
4333,2
4334,1
4335,0
4336,0
4337,20
4338,5
4339,2
4340,17
4341,17
4342,0
4343,12
4344,1
4345,14
4346,17
4347,20
4348,0
4349,2
4350,2
4351,12
4352,4
4353,7
4354,14
4355,14
4356,16
4357,9
4358,17
4359,4
4360,9
4361,15
4362,17
4363,14
4364,18
4365,16
4366,15
4367,0
4368,17
4369,7
4370,16
4371,4
4372,17
4373,12
4374,4
4375,5
4376,5
4377,0
4378,17
4379,4
4380,1
4381,4
4382,18
4383,4
4384,0
4385,4
4386,5
4387,4
4388,3
4389,4
4390,0
4391,4
4392,4
4393,4
4394,4
4395,6
4396,1
4397,4
4398,4
4399,4
4400,4
4401,4
4402,14
4403,15
4404,1
4405,14
4406,16
4407,4
4408,2
4409,14
4410,19
4411,4
4412,4
4413,13
4414,4
4415,0
4416,4
4417,15
4418,0
4419,12
4420,15
4421,0
4422,5
4423,4
4424,7
4425,7
4426,17
4427,0
4428,14
4429,5
4430,0
4431,14
4432,12
4433,0
4434,7
4435,7
4436,12
4437,5
4438,0
4439,6
4440,1
4441,4
4442,15
4443,2
4444,12
4445,3
4446,18
4447,5
4448,14
4449,12
4450,15
4451,14
4452,7
4453,0
4454,20
4455,7
4456,2
4457,14
4458,4
4459,1
4460,14
4461,20
4462,0
4463,7
4464,1
4465,4
4466,11
4467,6
4468,7
4469,12
4470,12
4471,6
4472,16
4473,1
4474,7
4475,4
4476,1
4477,7
4478,12
4479,13
4480,0
4481,18
4482,1
4483,6
4484,17
4485,4
4486,8
4487,7
4488,7
4489,4
4490,5
4491,4
4492,13
4493,10
4494,0
4495,4
4496,2
4497,0
4498,7
4499,6
4500,7
4501,17
4502,0
4503,1
4504,0
4505,7
4506,16
4507,4
4508,20
4509,7
4510,7
4511,7
4512,1
4513,0
4514,3
4515,13
4516,4
4517,1
4518,0
4519,7
4520,4
4521,12
4522,1
4523,2
4524,2
4525,14
4526,20
4527,0
4528,14
4529,6
4530,1
4531,4
4532,7
4533,12
4534,4
4535,19
4536,12
4537,1
4538,12
4539,19
4540,14
4541,10
4542,0
4543,2
4544,1
4545,16
4546,7
4547,12
4548,2
4549,10
4550,16
4551,12
4552,0
4553,16
4554,9
4555,9
4556,16
4557,14
4558,14
4559,7
4560,0
4561,9
4562,10
4563,6
4564,12
4565,14
4566,17
4567,4
4568,4
4569,0
4570,17
4571,7
4572,10
4573,16
4574,4
4575,10
4576,7
4577,7
4578,0
4579,4
4580,13
4581,1
4582,0
4583,1
4584,0
4585,7
4586,4
4587,14
4588,4
4589,17
4590,20
4591,15
4592,4
4593,1
4594,16
4595,18
4596,4
4597,4
4598,3
4599,0
4600,0
4601,14
4602,7
4603,2
4604,15
4605,15
4606,10
4607,0
4608,0
4609,4
4610,4
4611,4
4612,4
4613,12
4614,1
4615,17
4616,20
4617,6
4618,14
4619,1
4620,17
4621,4
4622,12
4623,16
4624,12
4625,7
4626,14
4627,1
4628,6
4629,4
4630,4
4631,4
4632,0
4633,0
4634,20
4635,4
4636,2
4637,9
4638,4
4639,11
4640,4
4641,7
4642,0
4643,0
4644,1
4645,6
4646,6
4647,20
4648,4
4649,13
4650,7
4651,0
4652,7
4653,12
4654,20
4655,1
4656,17
4657,14
4658,4
4659,14
4660,4
4661,15
4662,4
4663,4
4664,7
4665,2
4666,1
4667,14
4668,14
4669,7
4670,5
4671,12
4672,13
4673,16
4674,7
4675,4
4676,14
4677,6
4678,2
4679,13
4680,0
4681,15
4682,7
4683,0
4684,0
4685,1
4686,1
4687,14
4688,9
4689,12
4690,10
4691,17
4692,7
4693,1
4694,7
4695,18
4696,12
4697,10
4698,6
4699,0
4700,4
4701,17
4702,11
4703,7
4704,20
4705,0
4706,14
4707,0
4708,0
4709,0
4710,16
4711,17
4712,17
4713,17
4714,1
4715,2
4716,16
4717,17
4718,7
4719,9
4720,2
4721,11
4722,12
4723,7
4724,6
4725,5
4726,16
4727,0
4728,19
4729,16
4730,11
4731,17
4732,14
4733,18
4734,1
4735,3
4736,20
4737,16
4738,1
4739,3
4740,3
4741,7
4742,3
4743,13
4744,15
4745,4
4746,1
4747,4
4748,16
4749,0
4750,0
4751,15
4752,4
4753,1
4754,0
4755,7
4756,16
4757,17
4758,13
4759,0
4760,17
4761,15
4762,14
4763,11
4764,10
4765,16
4766,16
4767,9
4768,4
4769,1
4770,7
4771,4
4772,17
4773,1
4774,14
4775,17
4776,3
4777,2
4778,0
4779,3
4780,12
4781,6
4782,1
4783,0
4784,6
4785,14
4786,6
4787,11
4788,7
4789,2
4790,2
4791,4
4792,7
4793,6
4794,0
4795,16
4796,7
4797,17
4798,1
4799,4
4800,4
4801,4
4802,1
4803,16
4804,1
4805,1
4806,17
4807,2
4808,0
4809,4
4810,12
4811,1
4812,14
4813,9
4814,14
4815,18
4816,6
4817,1
4818,17
4819,18
4820,11
4821,19
4822,0
4823,4
4824,7
4825,17
4826,12
4827,0
4828,20
4829,0
4830,10
4831,1
4832,14
4833,16
4834,9
4835,20
4836,16
4837,5
4838,1
4839,6
4840,6
4841,12
4842,1
4843,1
4844,7
4845,1
4846,2
4847,12
4848,6
4849,4
4850,3
4851,17
4852,0
4853,7
4854,13
4855,12
4856,7
4857,14
4858,1
4859,14
4860,2
4861,4
4862,0
4863,9
4864,20
4865,14
4866,12
4867,16
4868,17
4869,6
4870,3
4871,12
4872,1
4873,11
4874,4
4875,0
4876,17
4877,4
4878,4
4879,3
4880,9
4881,16
4882,11
4883,10
4884,14
4885,1
4886,17
4887,2
4888,0
4889,4
4890,1
4891,17
4892,12
4893,17
4894,7
4895,3
4896,6
4897,16
4898,1
4899,12
4900,20
4901,7
4902,14
4903,12
4904,15
4905,1
4906,17
4907,7
4908,15
4909,12
4910,12
4911,0
4912,20
4913,1
4914,1
4915,12
4916,20
4917,0
4918,12
4919,0
4920,1
4921,15
4922,17
4923,18
4924,0
4925,6
4926,10
4927,0
4928,3
4929,1
4930,17
4931,17
4932,7
4933,15
4934,0
4935,17
4936,4
4937,0
4938,4
4939,7
4940,11
4941,20
4942,12
4943,0
4944,17
4945,0
4946,1
4947,17
4948,2
4949,4
4950,16
4951,17
4952,14
4953,12
4954,0
4955,13
4956,15
4957,2
4958,7
4959,17
4960,1
4961,7
4962,6
4963,17
4964,0
4965,10
4966,14
4967,4
4968,20
4969,19
4970,12
4971,7
4972,0
4973,2
4974,20
4975,0
4976,11
4977,4
4978,14
4979,2
4980,1
4981,1
4982,12
4983,16
4984,0
4985,0
4986,12
4987,8
4988,17
4989,0
4990,4
4991,14
4992,2
4993,17
4994,17
4995,20
4996,7
4997,10
4998,4
4999,13
5000,4
5001,2
5002,17
5003,12
5004,1
5005,16
5006,3
5007,4
5008,20
5009,16
5010,15
5011,4
5012,15
5013,4
5014,0
5015,6
5016,1
5017,12
5018,12
5019,7
5020,13
5021,6
5022,7
5023,20
5024,1
5025,20
5026,17
5027,14
5028,12
5029,4
5030,1
5031,4
5032,17
5033,13
5034,15
5035,17
5036,7
5037,12
5038,20
5039,4
5040,12
5041,6
5042,2
5043,6
5044,6
5045,0
5046,16
5047,6
5048,7
5049,12
5050,4
5051,7
5052,16
5053,4
5054,2
5055,16
5056,1
5057,7
5058,17
5059,16
5060,17
5061,19
5062,16
5063,10
5064,4
5065,14
5066,1
5067,13
5068,7
5069,0
5070,2
5071,7
5072,17
5073,2
5074,0
5075,6
5076,3
5077,2
5078,7
5079,4
5080,12
5081,4
5082,1
5083,4
5084,4
5085,17
5086,1
5087,6
5088,17
5089,16
5090,19
5091,17
5092,14
5093,7
5094,10
5095,1
5096,11
5097,16
5098,7
5099,0
5100,6
5101,0
5102,12
5103,16
5104,20
5105,7
5106,1
5107,0
5108,9
5109,6
5110,15
5111,2
5112,13
5113,0
5114,10
5115,12
5116,6
5117,0
5118,10
5119,0
5120,7
5121,7
5122,0
5123,12
5124,2
5125,0
5126,11
5127,5
5128,7
5129,17
5130,1
5131,1
5132,7
5133,11
5134,17
5135,7
5136,12
5137,18
5138,17
5139,16
5140,6
5141,17
5142,1
5143,4
5144,0
5145,7
5146,1
5147,0
5148,20
5149,1
5150,3
5151,19
5152,4
5153,7
5154,16
5155,16
5156,14
5157,1
5158,4
5159,7
5160,4
5161,4
5162,17
5163,6
5164,17
5165,6
5166,6
5167,15
5168,7
5169,4
5170,4
5171,17
5172,11
5173,10
5174,1
5175,9
5176,10
5177,14
5178,0
5179,12
5180,11
5181,7
5182,7
5183,20
5184,20
5185,4
5186,12
5187,16
5188,9
5189,7
5190,0
5191,4
5192,7
5193,12
5194,7
5195,7
5196,7
5197,3
5198,4
5199,1
5200,15
5201,7
5202,4
5203,6
5204,13
5205,1
5206,7
5207,0
5208,4
5209,1
5210,17
5211,1
5212,2
5213,0
5214,9
5215,6
5216,2
5217,17
5218,0
5219,4
5220,7
5221,1
5222,12
5223,10
5224,1
5225,4
5226,0
5227,10
5228,0
5229,0
5230,12
5231,7
5232,4
5233,5
5234,0
5235,4
5236,14
5237,7
5238,16
5239,7
5240,0
5241,4
5242,1
5243,10
5244,4
5245,1
5246,0
5247,10
5248,14
5249,14
5250,6
5251,17
5252,20
5253,13
5254,4
5255,10
5256,16
5257,2
5258,4
5259,6
5260,7
5261,12
5262,14
5263,7
5264,4
5265,1
5266,1
5267,7
5268,2
5269,0
5270,12
5271,0
5272,7
5273,20
5274,0
5275,17
5276,4
5277,20
5278,7
5279,14
5280,4
5281,2
5282,4
5283,2
5284,16
5285,4
5286,16
5287,8
5288,13
5289,2
5290,4
5291,1
5292,0
5293,12
5294,2
5295,7
5296,0
5297,12
5298,17
5299,2
5300,20
5301,17
5302,10
5303,6
5304,9
5305,4
5306,17
5307,5
5308,7
5309,0
5310,1
5311,0
5312,1
5313,0
5314,0
5315,12
5316,4
5317,0
5318,17
5319,17
5320,5
5321,4
5322,17
5323,20
5324,7
5325,7
5326,2
5327,7
5328,4
5329,5
5330,0
5331,14
5332,4
5333,7
5334,13
5335,14
5336,7
5337,3
5338,17
5339,17
5340,3
5341,3
5342,7
5343,9
5344,1
5345,17
5346,3
5347,6
5348,5
5349,2
5350,5
5351,1
5352,5
5353,6
5354,3
5355,0
5356,0
5357,20
5358,7
5359,16
5360,12
5361,16
5362,13
5363,13
5364,3
5365,12
5366,12
5367,4
5368,17
5369,15
5370,12
5371,11
5372,4
5373,12
5374,7
5375,0
5376,17
5377,3
5378,18
5379,7
5380,4
5381,14
5382,4
5383,1
5384,3
5385,12
5386,14
5387,1
5388,4
5389,7
5390,0
5391,7
5392,1
5393,7
5394,0
5395,1
5396,6
5397,0
5398,17
5399,1
5400,4
5401,1
5402,0
5403,10
5404,0
5405,7
5406,0
5407,17
5408,20
5409,1
5410,2
5411,19
5412,12
5413,1
5414,10
5415,7
5416,5
5417,17
5418,0
5419,12
5420,19
5421,17
5422,7
5423,5
5424,2
5425,4
5426,14
5427,19
5428,6
5429,1
5430,1
5431,1
5432,13
5433,17
5434,7
5435,18
5436,4
5437,11
5438,14
5439,13
5440,2
5441,7
5442,7
5443,12
5444,4
5445,0
5446,1
5447,2
5448,19
5449,12
5450,12
5451,1
5452,6
5453,4
5454,7
5455,17
5456,1
5457,12
5458,2
5459,10
5460,4
5461,0
5462,17
5463,0
5464,7
5465,0
5466,12
5467,0
5468,12
5469,12
5470,7
5471,7
5472,1
5473,1
5474,12
5475,4
5476,0
5477,1
5478,7
5479,1
5480,14
5481,12
5482,7
5483,6
5484,17
5485,4
5486,0
5487,17
5488,15
5489,7
5490,17
5491,7
5492,4
5493,12
5494,17
5495,4
5496,7
5497,4
5498,1
5499,19
5500,20
5501,2
5502,2
5503,9
5504,7
5505,4
5506,14
5507,7
5508,20
5509,0
5510,4
5511,1
5512,17
5513,1
5514,10
5515,4
5516,16
5517,0
5518,17
5519,15
5520,1
5521,6
5522,14
5523,0
5524,10
5525,10
5526,2
5527,1
5528,1
5529,6
5530,4
5531,17
5532,17
5533,2
5534,16
5535,15
5536,16
5537,1
5538,12
5539,20
5540,1
5541,7
5542,7
5543,17
5544,15
5545,16
5546,14
5547,4
5548,4
5549,9
5550,15
5551,20
5552,7
5553,3
5554,1
5555,10
5556,6
5557,14
5558,10
5559,1
5560,17
5561,3
5562,1
5563,7
5564,20
5565,17
5566,7
5567,3
5568,4
5569,1
5570,1
5571,9
5572,4
5573,1
5574,0
5575,7
5576,4
5577,1
5578,1
5579,7
5580,7
5581,0
5582,1
5583,15
5584,0
5585,4
5586,20
5587,17
5588,20
5589,0
5590,12
5591,0
5592,1
5593,16
5594,0
5595,20
5596,12
5597,4
5598,4
5599,7
5600,0
5601,1
5602,0
5603,7
5604,15
5605,2
5606,14
5607,4
5608,3
5609,1
5610,1
5611,7
5612,1
5613,0
5614,0
5615,7
5616,1
5617,14
5618,4
5619,4
5620,14
5621,7
5622,15
5623,11
5624,7
5625,1
5626,16
5627,0
5628,4
5629,14
5630,17
5631,12
5632,4
5633,1
5634,14
5635,9
5636,7
5637,10
5638,1
5639,4
5640,17
5641,17
5642,10
5643,1
5644,4
5645,2
5646,4
5647,1
5648,17
5649,4
5650,12
5651,6
5652,0
5653,1
5654,4
5655,6
5656,15
5657,14
5658,0
5659,0
5660,2
5661,15
5662,10
5663,20
5664,4
5665,4
5666,16
5667,7
5668,3
5669,1
5670,4
5671,1
5672,4
5673,1
5674,7
5675,14
5676,20
5677,1
5678,17
5679,2
5680,20
5681,7
5682,0
5683,9
5684,16
5685,17
5686,16
5687,0
5688,4
5689,0
5690,4
5691,14
5692,7
5693,4
5694,12
5695,3
5696,14
5697,0
5698,14
5699,15
5700,14
5701,7
5702,0
5703,1
5704,4
5705,4
5706,17
5707,12
5708,1
5709,4
5710,15
5711,7
5712,1
5713,7
5714,2
5715,4
5716,10
5717,0
5718,14
5719,7
5720,0
5721,11
5722,20
5723,12
5724,15
5725,2
5726,1
5727,4
5728,20
5729,10
5730,0
5731,11
5732,11
5733,4
5734,14
5735,6
5736,1
5737,15
5738,12
5739,7
5740,1
5741,13
5742,12
5743,0
5744,4
5745,4
5746,15
5747,0
5748,0
5749,2
5750,1
5751,0
5752,0
5753,17
5754,1
5755,2
5756,10
5757,10
5758,1
5759,1
5760,12
5761,20
5762,6
5763,1
5764,12
5765,11
5766,14
5767,2
5768,7
5769,14
5770,0
5771,7
5772,7
5773,6
5774,4
5775,11
5776,12
5777,0
5778,12
5779,5
5780,17
5781,2
5782,0
5783,1
5784,10
5785,7
5786,6
5787,20
5788,0
5789,17
5790,0
5791,4
5792,17
5793,2
5794,17
5795,1
5796,7
5797,7
5798,0
5799,5
5800,18
5801,16
5802,0
5803,10
5804,7
5805,0
5806,1
5807,7
5808,7
5809,7
5810,16
5811,4
5812,7
5813,7
5814,0
5815,20
5816,0
5817,17
5818,4
5819,6
5820,0
5821,15
5822,4
5823,12
5824,12
5825,4
5826,4
5827,2
5828,17
5829,4
5830,4
5831,1
5832,0
5833,0
5834,16
5835,0
5836,0
5837,7
5838,7
5839,1
5840,0
5841,7
5842,4
5843,1
5844,10
5845,3
5846,16
5847,4
5848,20
5849,17
5850,7
5851,20
5852,1
5853,19
5854,7
5855,7
5856,7
5857,2
5858,4
5859,7
5860,4
5861,1
5862,9
5863,14
5864,1
5865,17
5866,6
5867,3
5868,14
5869,7
5870,14
5871,4
5872,17
5873,12
5874,4
5875,4
5876,7
5877,12
5878,0
5879,7
5880,1
5881,17
5882,7
5883,0
5884,4
5885,1
5886,20
5887,20
5888,20
5889,20
5890,20
5891,4
5892,2
5893,7
5894,0
5895,1
5896,0
5897,20
5898,0
5899,17
5900,7
5901,7
5902,16
5903,11
5904,12
5905,20
5906,4
5907,2
5908,4
5909,20
5910,20
5911,17
5912,1
5913,0
5914,2
5915,4
5916,20
5917,1
5918,12
5919,0
5920,1
5921,6
5922,3
5923,7
5924,0
5925,0
5926,7
5927,14
5928,1
5929,0
5930,17
5931,7
5932,14
5933,2
5934,14
5935,0
5936,4
5937,12
5938,1
5939,15
5940,12
5941,0
5942,1
5943,1
5944,10
5945,2
5946,1
5947,16
5948,13
5949,17
5950,4
5951,4
5952,1
5953,10
5954,11
5955,7
5956,4
5957,20
5958,14
5959,4
5960,0
5961,0
5962,7
5963,15
5964,5
5965,17
5966,9
5967,16
5968,7
5969,13
5970,11
5971,7
5972,20
5973,10
5974,1
5975,14
5976,1
5977,1
5978,1
5979,1
5980,1
5981,7
5982,1
5983,3
5984,1
5985,4
5986,1
5987,16
5988,15
5989,10
5990,20
5991,20
5992,4
5993,20
5994,1
5995,1
5996,0
5997,7
5998,4
5999,1
6000,17
6001,7
6002,0
6003,17
6004,15
6005,5
6006,0
6007,17
6008,4
6009,12
6010,0
6011,15
6012,15
6013,20
6014,1
6015,9
6016,1
6017,7
6018,1
6019,0
6020,16
6021,12
6022,17
6023,0
6024,12
6025,1
6026,6
6027,4
6028,4
6029,1
6030,17
6031,0
6032,7
6033,13
6034,14
6035,1
6036,15
6037,1
6038,1
6039,0
6040,6