1,1
2,56
3,25
4,45
5,25
6,50
7,35
8,25
9,25
10,35
11,25
12,25
13,45
14,35
15,25
16,35
17,50
18,18
19,1
20,25
21,18
22,18
23,35
24,25
25,18
26,25
27,25
28,25
29,35
30,35
31,56
32,25
33,45
34,18
35,45
36,25
37,25
38,18
39,18
40,45
41,18
42,25
43,25
44,45
45,45
46,18
47,18
48,25
49,18
50,25
51,1
52,18
53,25
54,50
55,35
56,35
57,18
58,25
59,50
60,50
61,25
62,35
63,18
64,18
65,35
66,25
67,50
68,18
69,25
70,18
71,25
72,45
73,18
74,35
75,1
76,35
77,18
78,45
79,45
80,56
81,25
82,25
83,25
84,18
85,18
86,1
87,25
88,45
89,56
90,56
91,35
92,18
93,25
94,25
95,45
96,25
97,35
98,35
99,1
100,35
101,18
102,35
103,45
104,25
105,45
106,35
107,45
108,25
109,45
110,25
111,35
112,25
113,18
114,25
115,25
116,25
117,25
118,35
119,1
120,25
121,35
122,18
123,35
124,56
125,45
126,18
127,45
128,56
129,25
130,35
131,18
132,25
133,25
134,25
135,18
136,18
137,45
138,18
139,25
140,35
141,35
142,25
143,18
144,25
145,18
146,35
147,18
148,50
149,25
150,35
151,25
152,18
153,1
154,50
155,35
156,45
157,35
158,56
159,45
160,35
161,45
162,18
163,18
164,56
165,18
166,18
167,25
168,50
169,25
170,25
171,50
172,25
173,25
174,25
175,25
176,18
177,50
178,56
179,25
180,45
181,18
182,18
183,45
184,25
185,45
186,18
187,45
188,56
189,18
190,25
191,18
192,18
193,45
194,1
195,25
196,35
197,18
198,25
199,18
200,18
201,35
202,18
203,18
204,25
205,35
206,25
207,25
208,35
209,35
210,1
211,45
212,25
213,18
214,18
215,35
216,45
217,18
218,35
219,25
220,25
221,25
222,25
223,25
224,18
225,25
226,35
227,35
228,25
229,18
230,45
231,25
232,25
233,45
234,35
235,25
236,25
237,25
238,50
239,18
240,50
241,35
242,18
243,25
244,50
245,35
246,18
247,25
248,18
249,18
250,35
251,56
252,25
253,25
254,35
255,35
256,45
257,18
258,25
259,25
260,18
261,25
262,25
263,25
264,35
265,35
266,35
267,45
268,18
269,25
270,50
271,18
272,18
273,18
274,18
275,25
276,45
277,35
278,45
279,25
280,50
281,35
282,25
283,25
284,25
285,35
286,25
287,50
288,25
289,25
290,25
291,35
292,35
293,56
294,45
295,18
296,50
297,18
298,18
299,25
300,25
301,18
302,18
303,25
304,25
305,18
306,18
307,50
308,25
309,25
310,18
311,18
312,50
313,18
314,56
315,56
316,56
317,35
318,56
319,50
320,35
321,18
322,56
323,45
324,35
325,50
326,50
327,35
328,35
329,35
330,56
331,25
332,50
333,35
334,56
335,35
336,18
337,18
338,35
339,50
340,25
341,56
342,18
343,35
344,35
345,25
346,25
347,56
348,50
349,1
350,45
351,18
352,18
353,35
354,35
355,18
356,56
357,18
358,56
359,25
360,35
361,25
362,35
363,18
364,35
365,18
366,50
367,50
368,25
369,35
370,18
371,18
372,18
373,25
374,35
375,25
376,35
377,25
378,18
379,35
380,25
381,35
382,35
383,25
384,25
385,25
386,25
387,35
388,25
389,25
390,25
391,45
392,18
393,35
394,18
395,18
396,25
397,35
398,25
399,35
400,18
401,18
402,25
403,18
404,18
405,56
406,25
407,18
408,25
409,18
410,25
411,45
412,35
413,25
414,25
415,35
416,45
417,25
418,25
419,18
420,35
421,45
422,56
423,18
424,25
425,25
426,18
427,35
428,18
429,18
430,18
431,18
432,45
433,50
434,45
435,25
436,18
437,35
438,18
439,35
440,56
441,35
442,25
443,25
444,56
445,45
446,50
447,45
448,25
449,25
450,45
451,56
452,50
453,18
454,25
455,35
456,35
457,18
458,50
459,18
460,45
461,50
462,18
463,25
464,18
465,18
466,25
467,35
468,1
469,35
470,1
471,35
472,35
473,18
474,25
475,25
476,35
477,35
478,50
479,25
480,18
481,45
482,25
483,18
484,1
485,56
486,56
487,35
488,25
489,18
490,1
491,18
492,25
493,50
494,35
495,18
496,18
497,25
498,35
499,25
500,18
501,25
502,35
503,35
504,25
505,35
506,25
507,25
508,25
509,25
510,18
511,45
512,35
513,25
514,25
515,25
516,56
517,25
518,35
519,35
520,35
521,56
522,25
523,50
524,18
525,35
526,45
527,25
528,18
529,35
530,25
531,18
532,25
533,25
534,25
535,35
536,25
537,45
538,56
539,25
540,18
541,18
542,18
543,25
544,35
545,35
546,25
547,35
548,35
549,25
550,45
551,35
552,50
553,25
554,25
555,18
556,25
557,56
558,35
559,25
560,45
561,18
562,35
563,25
564,45
565,25
566,25
567,35
568,50
569,18
570,25
571,50
572,18
573,35
574,25
575,25
576,45
577,35
578,18
579,25
580,1
581,50
582,18
583,25
584,25
585,18
586,35
587,25
588,25
589,18
590,35
591,25
592,18
593,50
594,56
595,25
596,25
597,35
598,35
599,50
600,35
601,18
602,56
603,25
604,45
605,18
606,1
607,25
608,18
609,25
610,25
611,35
612,50
613,35
614,35
615,50
616,25
617,25
618,25
619,18
620,18
621,18
622,25
623,25
624,25
625,35
626,18
627,50
628,35
629,1
630,35
631,35
632,45
633,25
634,1
635,56
636,18
637,35
638,25
639,45
640,18
641,35
642,35
643,25
644,25
645,35
646,35
647,35
648,25
649,25
650,25
651,35
652,18
653,56
654,50
655,25
656,45
657,50
658,25
659,25
660,45
661,45
662,18
663,25
664,35
665,18
666,18
667,25
668,25
669,25
670,25
671,18
672,35
673,25
674,25
675,25
676,18
677,50
678,25
679,35
680,25
681,35
682,25
683,25
684,25
685,25
686,18
687,25
688,56
689,50
690,25
691,35
692,25
693,35
694,18
695,18
696,25
697,50
698,18
699,18
700,50
701,18
702,35
703,56
704,35
705,25
706,35
707,35
708,25
709,18
710,25
711,25
712,25
713,35
714,18
715,18
716,18
717,25
718,18
719,1
720,18
721,35
722,25
723,25
724,50
725,56
726,25
727,35
728,25
729,35
730,25
731,45
732,25
733,35
734,25
735,25
736,18
737,1
738,18
739,35
740,25
741,25
742,18
743,1
744,25
745,1
746,18
747,18
748,25
749,35
750,35
751,25
752,25
753,1
754,35
755,35
756,35
757,25
758,35
759,56
760,56
761,18
762,1
763,18
764,18
765,25
766,25
767,25
768,25
769,45
770,18
771,50
772,18
773,25
774,18
775,1
776,25
777,18
778,18
779,25
780,25
781,18
782,56
783,25
784,18
785,18
786,25
787,18
788,25
789,18
790,25
791,35
792,25
793,35
794,50
795,35
796,50
797,50
798,25
799,25
800,35
801,25
802,25
803,18
804,25
805,35
806,35
807,18
808,25
809,25
810,25
811,50
812,25
813,18
814,18
815,25
816,45
817,18
818,18
819,35
820,35
821,18
822,25
823,25
824,35
825,56
826,35
827,45
828,18
829,1
830,35
831,45
832,18
833,35
834,35
835,56
836,25
837,56
838,50
839,25
840,25
841,50
842,18
843,25
844,25
845,18
846,25
847,25
848,25
849,25
850,35
851,18
852,25
853,25
854,25
855,18
856,45
857,35
858,35
859,25
860,18
861,25
862,35
863,25
864,25
865,35
866,1
867,45
868,50
869,18
870,25
871,1
872,50
873,56
874,45
875,1
876,25
877,25
878,18
879,45
880,35
881,18
882,18
883,35
884,1
885,35
886,56
887,56
888,1
889,45
890,18
891,25
892,35
893,50
894,18
895,50
896,18
897,25
898,25
899,25
900,56
901,56
902,56
903,56
904,35
905,45
906,1
907,45
908,50
909,45
910,50
911,50
912,35
913,25
914,35
915,25
916,25
917,50
918,45
919,35
920,18
921,25
922,56
923,25
924,50
925,35
926,1
927,25
928,56
929,25
930,25
931,56
932,35
933,45
934,35
935,35
936,18
937,25
938,25
939,25
940,1
941,18
942,50
943,45
944,35
945,45
946,35
947,18
948,56
949,50
950,35
951,45
952,56
953,50
954,25
955,50
956,35
957,35
958,35
959,50
960,1
961,18
962,25
963,25
964,25
965,56
966,56
967,18
968,50
969,25
970,25
971,25
972,45
973,25
974,35
975,35
976,35
977,25
978,18
979,1
980,25
981,25
982,25
983,25
984,50
985,25
986,56
987,35
988,50
989,50
990,18
991,25
992,35
993,25
994,18
995,18
996,25
997,1
998,45
999,25
1000,25
1001,25
1002,50
1003,25
1004,25
1005,35
1006,18
1007,50
1008,35
1009,50
1010,25
1011,25
1012,35
1013,56
1014,45
1015,35
1016,56
1017,35
1018,18
1019,35
1020,18
1021,35
1022,25
1023,56
1024,35
1025,25
1026,45
1027,18
1028,45
1029,25
1030,25
1031,35
1032,50
1033,25
1034,35
1035,18
1036,35
1037,45
1038,56
1039,35
1040,25
1041,45
1042,35
1043,50
1044,25
1045,1
1046,56
1047,18
1048,35
1049,45
1050,25
1051,25
1052,35
1053,35
1054,1
1055,35
1056,1
1057,45
1058,25
1059,25
1060,18
1061,45
1062,50
1063,35
1064,25
1065,25
1066,45
1067,35
1068,18
1069,25
1070,45
1071,50
1072,35
1073,25
1074,45
1075,25
1076,25
1077,25
1078,45
1079,25
1080,56
1081,18
1082,45
1083,56
1084,1
1085,25
1086,18
1087,25
1088,1
1089,35
1090,25
1091,18
1092,18
1093,50
1094,18
1095,56
1096,1
1097,18
1098,35
1099,25
1100,25
1101,35
1102,18
1103,45
1104,35
1105,35
1106,18
1107,50
1108,56
1109,18
1110,56
1111,50
1112,18
1113,18
1114,18
1115,25
1116,25
1117,18
1118,50
1119,35
1120,18
1121,56
1122,56
1123,50
1124,25
1125,18
1126,56
1127,25
1128,25
1129,35
1130,18
1131,56
1132,18
1133,18
1134,18
1135,50
1136,35
1137,18
1138,18
1139,25
1140,45
1141,25
1142,18
1143,50
1144,25
1145,50
1146,18
1147,25
1148,35
1149,25
1150,25
1151,25
1152,18
1153,18
1154,1
1155,25
1156,50
1157,45
1158,35
1159,18
1160,18
1161,25
1162,35
1163,1
1164,25
1165,25
1166,56
1167,50
1168,25
1169,25
1170,56
1171,45
1172,25
1173,25
1174,18
1175,25
1176,56
1177,25
1178,56
1179,50
1180,50
1181,35
1182,1
1183,35
1184,25
1185,35
1186,18
1187,1
1188,45
1189,25
1190,45
1191,35
1192,50
1193,25
1194,25
1195,1
1196,18
1197,35
1198,1
1199,50
1200,1
1201,18
1202,35
1203,25
1204,25
1205,56
1206,50
1207,50
1208,25
1209,35
1210,25
1211,18
1212,50
1213,50
1214,56
1215,35
1216,25
1217,25
1218,56
1219,25
1220,1
1221,18
1222,35
1223,25
1224,50
1225,45
1226,18
1227,50
1228,25
1229,25
1230,25
1231,25
1232,18
1233,45
1234,18
1235,25
1236,25
1237,18
1238,35
1239,25
1240,18
1241,1
1242,35
1243,35
1244,25
1245,25
1246,18
1247,35
1248,35
1249,35
1250,50
1251,25
1252,56
1253,35
1254,18
1255,25
1256,25
1257,18
1258,45
1259,35
1260,25
1261,18
1262,25
1263,1
1264,25
1265,18
1266,25
1267,25
1268,50
1269,56
1270,25
1271,45
1272,18
1273,35
1274,45
1275,50
1276,35
1277,18
1278,18
1279,35
1280,1
1281,25
1282,50
1283,18
1284,45
1285,35
1286,35
1287,50
1288,35
1289,45
1290,35
1291,35
1292,25
1293,25
1294,50
1295,35
1296,1
1297,25
1298,35
1299,25
1300,1
1301,25
1302,18
1303,25
1304,25
1305,45
1306,25
1307,56
1308,1
1309,25
1310,45
1311,18
1312,25
1313,18
1314,18
1315,35
1316,50
1317,45
1318,18
1319,25
1320,25
1321,25
1322,56
1323,35
1324,35
1325,25
1326,25
1327,1
1328,35
1329,18
1330,56
1331,45
1332,25
1333,25
1334,50
1335,35
1336,50
1337,56
1338,25
1339,35
1340,25
1341,18
1342,35
1343,35
1344,25
1345,25
1346,35
1347,18
1348,1
1349,50
1350,35
1351,25
1352,35
1353,1
1354,25
1355,45
1356,18
1357,45
1358,35
1359,35
1360,25
1361,25
1362,35
1363,50
1364,45
1365,1
1366,1
1367,25
1368,25
1369,25
1370,35
1371,50
1372,1
1373,25
1374,50
1375,45
1376,45
1377,35
1378,45
1379,56
1380,1
1381,18
1382,45
1383,25
1384,18
1385,25
1386,25
1387,50
1388,56
1389,25
1390,35
1391,35
1392,45
1393,18
1394,25
1395,25
1396,25
1397,35
1398,56
1399,18
1400,25
1401,18
1402,18
1403,25
1404,50
1405,56
1406,25
1407,35
1408,25
1409,18
1410,50
1411,35
1412,25
1413,18
1414,18
1415,45
1416,25
1417,35
1418,18
1419,25
1420,18
1421,1
1422,35
1423,25
1424,35
1425,1
1426,18
1427,25
1428,45
1429,35
1430,18
1431,56
1432,35
1433,18
1434,1
1435,25
1436,50
1437,50
1438,18
1439,35
1440,35
1441,35
1442,18
1443,35
1444,25
1445,25
1446,35
1447,18
1448,25
1449,35
1450,18
1451,35
1452,56
1453,25
1454,18
1455,45
1456,25
1457,25
1458,1
1459,25
1460,18
1461,45
1462,35
1463,50
1464,35
1465,50
1466,18
1467,25
1468,1
1469,56
1470,18
1471,25
1472,25
1473,25
1474,25
1475,25
1476,18
1477,45
1478,1
1479,50
1480,25
1481,35
1482,25
1483,18
1484,25
1485,25
1486,25
1487,35
1488,25
1489,35
1490,50
1491,18
1492,25
1493,25
1494,25
1495,18
1496,25
1497,50
1498,18
1499,1
1500,25
1501,25
1502,18
1503,25
1504,18
1505,50
1506,25
1507,35
1508,1
1509,1
1510,25
1511,35
1512,25
1513,35
1514,18
1515,25
1516,25
1517,18
1518,25
1519,18
1520,25
1521,25
1522,35
1523,25
1524,18
1525,25
1526,56
1527,18
1528,25
1529,18
1530,25
1531,45
1532,18
1533,45
1534,50
1535,18
1536,35
1537,18
1538,25
1539,25
1540,45
1541,56
1542,18
1543,25
1544,25
1545,25
1546,25
1547,56
1548,35
1549,35
1550,18
1551,25
1552,45
1553,25
1554,35
1555,18
1556,18
1557,18
1558,18
1559,35
1560,25
1561,18
1562,18
1563,1
1564,50
1565,45
1566,35
1567,25
1568,1
1569,56
1570,18
1571,25
1572,25
1573,1
1574,25
1575,50
1576,45
1577,56
1578,18
1579,25
1580,18
1581,18
1582,18
1583,35
1584,25
1585,56
1586,45
1587,25
1588,25
1589,25
1590,35
1591,50
1592,35
1593,25
1594,35
1595,35
1596,18
1597,25
1598,35
1599,25
1600,35
1601,25
1602,25
1603,25
1604,25
1605,18
1606,35
1607,45
1608,25
1609,35
1610,25
1611,25
1612,25
1613,18
1614,35
1615,45
1616,25
1617,25
1618,50
1619,50
1620,25
1621,25
1622,18
1623,50
1624,25
1625,45
1626,18
1627,18
1628,18
1629,18
1630,45
1631,50
1632,25
1633,45
1634,56
1635,25
1636,25
1637,56
1638,18
1639,25
1640,35
1641,25
1642,50
1643,45
1644,18
1645,18
1646,25
1647,18
1648,50
1649,18
1650,25
1651,25
1652,25
1653,18
1654,45
1655,18
1656,25
1657,45
1658,35
1659,18
1660,25
1661,35
1662,25
1663,18
1664,18
1665,45
1666,25
1667,50
1668,35
1669,25
1670,56
1671,35
1672,25
1673,1
1674,35
1675,25
1676,18
1677,18
1678,18
1679,25
1680,25
1681,18
1682,25
1683,25
1684,18
1685,35
1686,35
1687,25
1688,18
1689,35
1690,35
1691,25
1692,35
1693,25
1694,25
1695,25
1696,35
1697,18
1698,35
1699,25
1700,25
1701,25
1702,18
1703,18
1704,25
1705,18
1706,25
1707,50
1708,25
1709,25
1710,18
1711,18
1712,25
1713,25
1714,25
1715,25
1716,25
1717,50
1718,18
1719,18
1720,18
1721,18
1722,35
1723,35
1724,18
1725,18
1726,25
1727,35
1728,18
1729,25
1730,18
1731,18
1732,18
1733,18
1734,45
1735,18
1736,56
1737,35
1738,35
1739,56
1740,56
1741,35
1742,25
1743,35
1744,35
1745,45
1746,25
1747,25
1748,50
1749,25
1750,50
1751,35
1752,25
1753,35
1754,18
1755,18
1756,25
1757,25
1758,25
1759,25
1760,25
1761,35
1762,25
1763,35
1764,18
1765,18
1766,45
1767,25
1768,45
1769,25
1770,35
1771,25
1772,56
1773,18
1774,25
1775,25
1776,25
1777,25
1778,18
1779,18
1780,35
1781,35
1782,45
1783,18
1784,18
1785,18
1786,45
1787,18
1788,45
1789,1
1790,25
1791,18
1792,25
1793,25
1794,25
1795,18
1796,50
1797,35
1798,45
1799,35
1800,18
1801,25
1802,18
1803,25
1804,25
1805,18
1806,18
1807,18
1808,18
1809,25
1810,50
1811,56
1812,25
1813,35
1814,50
1815,1
1816,35
1817,35
1818,1
1819,35
1820,25
1821,25
1822,25
1823,35
1824,18
1825,25
1826,45
1827,25
1828,18
1829,25
1830,18
1831,18
1832,18
1833,18
1834,35
1835,25
1836,25
1837,25
1838,35
1839,18
1840,25
1841,18
1842,18
1843,25
1844,18
1845,25
1846,45
1847,18
1848,35
1849,35
1850,18
1851,25
1852,25
1853,50
1854,25
1855,18
1856,56
1857,1
1858,18
1859,25
1860,56
1861,50
1862,50
1863,18
1864,35
1865,18
1866,25
1867,50
1868,50
1869,45
1870,56
1871,45
1872,50
1873,35
1874,45
1875,35
1876,25
1877,45
1878,1
1879,25
1880,35
1881,35
1882,35
1883,50
1884,45
1885,50
1886,25
1887,56
1888,35
1889,18
1890,50
1891,45
1892,25
1893,35
1894,35
1895,35
1896,56
1897,50
1898,25
1899,45
1900,56
1901,50
1902,25
1903,35
1904,18
1905,35
1906,25
1907,35
1908,56
1909,18
1910,1
1911,18
1912,25
1913,25
1914,35
1915,50
1916,45
1917,18
1918,45
1919,1
1920,35
1921,56
1922,25
1923,35
1924,56
1925,50
1926,1
1927,35
1928,1
1929,1
1930,25
1931,25
1932,25
1933,18
1934,25
1935,1
1936,35
1937,25
1938,25
1939,35
1940,25
1941,35
1942,35
1943,18
1944,18
1945,25
1946,25
1947,25
1948,1
1949,18
1950,25
1951,18
1952,35
1953,25
1954,25
1955,1
1956,35
1957,18
1958,25
1959,50
1960,45
1961,50
1962,18
1963,50
1964,25
1965,56
1966,25
1967,50
1968,25
1969,25
1970,50
1971,25
1972,45
1973,25
1974,35
1975,18
1976,35
1977,56
1978,1
1979,56
1980,35
1981,56
1982,1
1983,25
1984,18
1985,45
1986,50
1987,25
1988,25
1989,50
1990,25
1991,25
1992,18
1993,35
1994,35
1995,25
1996,35
1997,25
1998,50
1999,35
2000,18
2001,50
2002,56
2003,1
2004,45
2005,18
2006,35
2007,50
2008,25
2009,35
2010,18
2011,35
2012,25
2013,45
2014,18
2015,18
2016,56
2017,25
2018,35
2019,50
2020,25
2021,25
2022,25
2023,18
2024,1
2025,56
2026,50
2027,25
2028,45
2029,25
2030,25
2031,35
2032,50
2033,45
2034,45
2035,18
2036,25
2037,56
2038,45
2039,50
2040,25
2041,25
2042,1
2043,25
2044,45
2045,1
2046,35
2047,1
2048,50
2049,50
2050,35
2051,35
2052,1
2053,45
2054,25
2055,50
2056,25
2057,35
2058,56
2059,35
2060,1
2061,56
2062,18
2063,25
2064,35
2065,25
2066,25
2067,50
2068,35
2069,56
2070,35
2071,45
2072,50
2073,18
2074,18
2075,25
2076,18
2077,18
2078,18
2079,1
2080,25
2081,18
2082,1
2083,18
2084,18
2085,18
2086,35
2087,25
2088,50
2089,35
2090,35
2091,35
2092,56
2093,18
2094,35
2095,56
2096,25
2097,18
2098,35
2099,18
2100,25
2101,25
2102,25
2103,35
2104,45
2105,25
2106,18
2107,25
2108,1
2109,25
2110,50
2111,56
2112,45
2113,25
2114,18
2115,35
2116,18
2117,56
2118,25
2119,35
2120,1
2121,56
2122,35
2123,35
2124,25
2125,35
2126,56
2127,18
2128,45
2129,25
2130,45
2131,25
2132,56
2133,1
2134,18
2135,50
2136,35
2137,1
2138,18
2139,50
2140,45
2141,50
2142,45
2143,18
2144,18
2145,18
2146,18
2147,18
2148,18
2149,25
2150,18
2151,56
2152,18
2153,18
2154,25
2155,1
2156,18
2157,18
2158,25
2159,50
2160,18
2161,35
2162,1
2163,18
2164,35
2165,25
2166,1
2167,25
2168,1
2169,1
2170,50
2171,35
2172,18
2173,50
2174,50
2175,25
2176,1
2177,35
2178,45
2179,25
2180,25
2181,25
2182,25
2183,56
2184,18
2185,45
2186,18
2187,45
2188,18
2189,1
2190,25
2191,18
2192,25
2193,1
2194,25
2195,1
2196,25
2197,25
2198,35
2199,1
2200,35
2201,56
2202,1
2203,45
2204,56
2205,25
2206,45
2207,18
2208,25
2209,35
2210,45
2211,45
2212,18
2213,25
2214,25
2215,25
2216,25
2217,1
2218,35
2219,25
2220,50
2221,56
2222,45
2223,25
2224,25
2225,25
2226,25
2227,50
2228,25
2229,45
2230,45
2231,50
2232,25
2233,35
2234,56
2235,1
2236,1
2237,35
2238,25
2239,18
2240,45
2241,45
2242,18
2243,45
2244,1
2245,1
2246,25
2247,45
2248,35
2249,25
2250,18
2251,35
2252,18
2253,50
2254,35
2255,35
2256,45
2257,18
2258,18
2259,56
2260,25
2261,25
2262,45
2263,25
2264,45
2265,56
2266,50
2267,56
2268,35
2269,45
2270,18
2271,50
2272,25
2273,25
2274,18
2275,56
2276,56
2277,45
2278,50
2279,50
2280,56
2281,45
2282,50
2283,35
2284,25
2285,1
2286,35
2287,56
2288,1
2289,50
2290,25
2291,45
2292,50
2293,56
2294,56
2295,45
2296,25
2297,56
2298,35
2299,18
2300,56
2301,25
2302,50
2303,50
2304,45
2305,50
2306,18
2307,25
2308,45
2309,45
2310,45
2311,25
2312,45
2313,50
2314,25
2315,56
2316,35
2317,45
2318,56
2319,35
2320,50
2321,25
2322,56
2323,35
2324,35
2325,18
2326,18
2327,18
2328,56
2329,56
2330,45
2331,56
2332,56
2333,50
2334,56
2335,50
2336,35
2337,35
2338,45
2339,56
2340,35
2341,56
2342,35
2343,45
2344,25
2345,35
2346,1
2347,35
2348,50
2349,25
2350,18
2351,25
2352,50
2353,35
2354,35
2355,45
2356,50
2357,35
2358,56
2359,56
2360,50
2361,56
2362,25
2363,50
2364,56
2365,50
2366,45
2367,25
2368,56
2369,35
2370,50
2371,35
2372,45
2373,45
2374,25
2375,50
2376,25
2377,35
2378,25
2379,18
2380,25
2381,35
2382,50
2383,25
2384,35
2385,45
2386,25
2387,25
2388,56
2389,25
2390,25
2391,50
2392,56
2393,56
2394,35
2395,35
2396,18
2397,35
2398,25
2399,35
2400,25
2401,25
2402,45
2403,18
2404,18
2405,50
2406,56
2407,35
2408,45
2409,35
2410,56
2411,35
2412,56
2413,56
2414,25
2415,25
2416,45
2417,45
2418,1
2419,25
2420,50
2421,35
2422,50
2423,45
2424,25
2425,35
2426,56
2427,25
2428,45
2429,25
2430,25
2431,25
2432,25
2433,25
2434,25
2435,25
2436,25
2437,25
2438,35
2439,45
2440,50
2441,45
2442,35
2443,35
2444,45
2445,25
2446,18
2447,25
2448,35
2449,56
2450,45
2451,45
2452,45
2453,25
2454,18
2455,35
2456,25
2457,25
2458,25
2459,50
2460,50
2461,18
2462,35
2463,25
2464,18
2465,50
2466,25
2467,1
2468,50
2469,25
2470,35
2471,50
2472,25
2473,25
2474,25
2475,25
2476,50
2477,45
2478,50
2479,25
2480,18
2481,35
2482,50
2483,56
2484,45
2485,35
2486,18
2487,45
2488,45
2489,35
2490,25
2491,35
2492,45
2493,45
2494,18
2495,18
2496,50
2497,50
2498,56
2499,50
2500,56
2501,25
2502,56
2503,35
2504,25
2505,25
2506,25
2507,25
2508,35
2509,25
2510,25
2511,25
2512,45
2513,56
2514,56
2515,45
2516,45
2517,35
2518,25
2519,45
2520,56
2521,35
2522,18
2523,25
2524,56
2525,35
2526,56
2527,35
2528,56
2529,35
2530,18
2531,45
2532,56
2533,25
2534,50
2535,56
2536,56
2537,35
2538,56
2539,35
2540,45
2541,35
2542,45
2543,35
2544,45
2545,56
2546,56
2547,35
2548,35
2549,56
2550,50
2551,25
2552,25
2553,25
2554,25
2555,56
2556,25
2557,18
2558,56
2559,18
2560,45
2561,25
2562,18
2563,45
2564,35
2565,35
2566,35
2567,25
2568,25
2569,45
2570,56
2571,35
2572,35
2573,45
2574,50
2575,35
2576,18
2577,25
2578,50
2579,35
2580,45
2581,25
2582,25
2583,35
2584,56
2585,45
2586,25
2587,35
2588,56
2589,25
2590,18
2591,18
2592,50
2593,56
2594,35
2595,18
2596,50
2597,50
2598,25
2599,25
2600,25
2601,35
2602,45
2603,25
2604,25
2605,35
2606,50
2607,56
2608,25
2609,50
2610,45
2611,25
2612,45
2613,35
2614,25
2615,25
2616,35
2617,45
2618,18
2619,35
2620,18
2621,18
2622,35
2623,56
2624,35
2625,35
2626,56
2627,25
2628,25
2629,25
2630,18
2631,50
2632,56
2633,35
2634,56
2635,35
2636,18
2637,35
2638,25
2639,25
2640,35
2641,25
2642,25
2643,45
2644,18
2645,25
2646,45
2647,35
2648,25
2649,25
2650,45
2651,56
2652,35
2653,25
2654,35
2655,35
2656,56
2657,1
2658,25
2659,35
2660,56
2661,56
2662,25
2663,25
2664,35
2665,35
2666,45
2667,35
2668,25
2669,45
2670,35
2671,35
2672,35
2673,35
2674,25
2675,35
2676,56
2677,35
2678,25
2679,18
2680,25
2681,25
2682,18
2683,35
2684,18
2685,45
2686,25
2687,1
2688,25
2689,25
2690,25
2691,18
2692,18
2693,56
2694,18
2695,35
2696,25
2697,50
2698,25
2699,56
2700,25
2701,45
2702,45
2703,35
2704,56
2705,25
2706,25
2707,56
2708,25
2709,25
2710,35
2711,25
2712,18
2713,25
2714,18
2715,50
2716,50
2717,25
2718,25
2719,25
2720,35
2721,45
2722,35
2723,25
2724,45
2725,35
2726,45
2727,25
2728,35
2729,50
2730,35
2731,35
2732,45
2733,45
2734,18
2735,25
2736,45
2737,25
2738,50
2739,35
2740,45
2741,25
2742,25
2743,25
2744,18
2745,35
2746,50
2747,18
2748,25
2749,25
2750,25
2751,25
2752,25
2753,50
2754,50
2755,35
2756,18
2757,25
2758,56
2759,25
2760,56
2761,35
2762,50
2763,18
2764,25
2765,50
2766,45
2767,25
2768,25
2769,25
2770,35
2771,18
2772,35
2773,35
2774,25
2775,18
2776,25
2777,18
2778,56
2779,35
2780,25
2781,35
2782,18
2783,45
2784,50
2785,56
2786,25
2787,25
2788,56
2789,18
2790,25
2791,56
2792,18
2793,35
2794,25
2795,50
2796,25
2797,25
2798,35
2799,18
2800,18
2801,25
2802,35
2803,25
2804,35
2805,56
2806,1
2807,35
2808,56
2809,25
2810,1
2811,25
2812,25
2813,25
2814,35
2815,35
2816,25
2817,35
2818,25
2819,45
2820,35
2821,18
2822,50
2823,25
2824,18
2825,25
2826,35
2827,25
2828,18
2829,45
2830,35
2831,25
2832,25
2833,25
2834,35
2835,35
2836,25
2837,18
2838,18
2839,25
2840,25
2841,50
2842,35
2843,25
2844,25
2845,25
2846,18
2847,18
2848,25
2849,45
2850,18
2851,25
2852,25
2853,1
2854,18
2855,25
2856,35
2857,25
2858,1
2859,18
2860,35
2861,25
2862,45
2863,25
2864,35
2865,25
2866,25
2867,45
2868,35
2869,50
2870,50
2871,25
2872,25
2873,18
2874,35
2875,25
2876,25
2877,35
2878,50
2879,18
2880,18
2881,25
2882,18
2883,18
2884,50
2885,18
2886,18
2887,25
2888,25
2889,35
2890,35
2891,18
2892,25
2893,25
2894,18
2895,25
2896,18
2897,25
2898,18
2899,35
2900,18
2901,25
2902,25
2903,25
2904,25
2905,35
2906,35
2907,35
2908,18
2909,25
2910,1
2911,25
2912,18
2913,35
2914,25
2915,25
2916,45
2917,25
2918,25
2919,18
2920,25
2921,50
2922,25
2923,35
2924,18
2925,25
2926,18
2927,25
2928,25
2929,18
2930,50
2931,18
2932,25
2933,35
2934,35
2935,25
2936,18
2937,18
2938,25
2939,25
2940,25
2941,35
2942,50
2943,35
2944,18
2945,35
2946,35
2947,25
2948,18
2949,25
2950,18
2951,35
2952,25
2953,25
2954,18
2955,35
2956,25
2957,18
2958,25
2959,35
2960,18
2961,50
2962,35
2963,18
2964,25
2965,35
2966,25
2967,25
2968,18
2969,25
2970,18
2971,25
2972,25
2973,18
2974,18
2975,35
2976,18
2977,18
2978,35
2979,35
2980,45
2981,45
2982,25
2983,18
2984,25
2985,18
2986,25
2987,18
2988,18
2989,35
2990,35
2991,50
2992,18
2993,18
2994,35
2995,25
2996,18
2997,35
2998,25
2999,25
3000,25
3001,18
3002,45
3003,18
3004,18
3005,25
3006,18
3007,35
3008,18
3009,35
3010,25
3011,25
3012,25
3013,45
3014,35
3015,56
3016,18
3017,35
3018,35
3019,50
3020,35
3021,45
3022,25
3023,25
3024,35
3025,35
3026,18
3027,18
3028,1
3029,18
3030,35
3031,18
3032,25
3033,18
3034,18
3035,25
3036,56
3037,25
3038,35
3039,50
3040,25
3041,25
3042,56
3043,18
3044,35
3045,45
3046,1
3047,25
3048,18
3049,50
3050,35
3051,18
3052,35
3053,25
3054,18
3055,25
3056,25
3057,25
3058,18
3059,35
3060,35
3061,45
3062,18
3063,18
3064,35
3065,18
3066,18
3067,25
3068,35
3069,18
3070,18
3071,25
3072,50
3073,25
3074,25
3075,25
3076,35
3077,18
3078,35
3079,25
3080,25
3081,25
3082,35
3083,50
3084,25
3085,25
3086,18
3087,1
3088,25
3089,45
3090,25
3091,25
3092,35
3093,45
3094,35
3095,25
3096,45
3097,25
3098,25
3099,25
3100,25
3101,18
3102,25
3103,25
3104,18
3105,35
3106,25
3107,25
3108,50
3109,25
3110,25
3111,18
3112,18
3113,25
3114,18
3115,35
3116,25
3117,35
3118,25
3119,45
3120,18
3121,25
3122,25
3123,25
3124,25
3125,25
3126,25
3127,25
3128,18
3129,25
3130,25
3131,25
3132,35
3133,18
3134,18
3135,25
3136,25
3137,25
3138,35
3139,56
3140,25
3141,25
3142,25
3143,50
3144,25
3145,18
3146,25
3147,25
3148,18
3149,18
3150,25
3151,25
3152,18
3153,25
3154,25
3155,25
3156,35
3157,25
3158,25
3159,25
3160,25
3161,25
3162,25
3163,18
3164,18
3165,35
3166,18
3167,25
3168,35
3169,50
3170,25
3171,50
3172,18
3173,25
3174,18
3175,35
3176,25
3177,25
3178,35
3179,18
3180,25
3181,25
3182,25
3183,50
3184,25
3185,18
3186,50
3187,35
3188,56
3189,25
3190,1
3191,25
3192,18
3193,25
3194,25
3195,18
3196,18
3197,18
3198,25
3199,18
3200,25
3201,45
3202,18
3203,35
3204,45
3205,35
3206,18
3207,35
3208,25
3209,25
3210,45
3211,50
3212,25
3213,25
3214,56
3215,50
3216,35
3217,35
3218,56
3219,18
3220,35
3221,25
3222,35
3223,25
3224,25
3225,18
3226,35
3227,25
3228,25
3229,56
3230,35
3231,25
3232,35
3233,50
3234,1
3235,18
3236,18
3237,35
3238,35
3239,25
3240,18
3241,50
3242,50
3243,25
3244,18
3245,18
3246,35
3247,35
3248,25
3249,25
3250,25
3251,35
3252,50
3253,35
3254,35
3255,25
3256,25
3257,25
3258,45
3259,18
3260,25
3261,45
3262,25
3263,50
3264,25
3265,25
3266,25
3267,25
3268,25
3269,18
3270,18
3271,35
3272,35
3273,35
3274,25
3275,35
3276,25
3277,25
3278,35
3279,45
3280,25
3281,25
3282,45
3283,35
3284,25
3285,25
3286,35
3287,56
3288,25
3289,45
3290,25
3291,25
3292,50
3293,45
3294,18
3295,18
3296,18
3297,18
3298,1
3299,25
3300,35
3301,25
3302,25
3303,56
3304,45
3305,56
3306,45
3307,50
3308,18
3309,25
3310,45
3311,25
3312,18
3313,35
3314,25
3315,25
3316,1
3317,25
3318,56
3319,56
3320,25
3321,35
3322,18
3323,35
3324,35
3325,35
3326,45
3327,18
3328,56
3329,50
3330,35
3331,25
3332,25
3333,18
3334,35
3335,25
3336,35
3337,25
3338,45
3339,25
3340,45
3341,25
3342,25
3343,18
3344,35
3345,25
3346,35
3347,35
3348,45
3349,18
3350,18
3351,18
3352,35
3353,35
3354,25
3355,25
3356,35
3357,25
3358,25
3359,25
3360,25
3361,25
3362,25
3363,35
3364,56
3365,50
3366,35
3367,50
3368,25
3369,45
3370,18
3371,25
3372,56
3373,18
3374,35
3375,25
3376,35
3377,25
3378,18
3379,35
3380,50
3381,25
3382,1
3383,56
3384,35
3385,25
3386,18
3387,18
3388,25
3389,18
3390,45
3391,18
3392,50
3393,35
3394,35
3395,25
3396,25
3397,25
3398,18
3399,25
3400,25
3401,35
3402,35
3403,35
3404,25
3405,35
3406,25
3407,45
3408,25
3409,25
3410,35
3411,18
3412,25
3413,25
3414,25
3415,35
3416,25
3417,18
3418,18
3419,45
3420,25
3421,45
3422,25
3423,25
3424,25
3425,18
3426,25
3427,25
3428,45
3429,25
3430,45
3431,45
3432,25
3433,18
3434,18
3435,45
3436,35
3437,25
3438,25
3439,18
3440,56
3441,25
3442,18
3443,35
3444,50
3445,35
3446,25
3447,25
3448,18
3449,25
3450,25
3451,25
3452,25
3453,35
3454,18
3455,25
3456,25
3457,25
3458,45
3459,18
3460,1
3461,35
3462,25
3463,25
3464,25
3465,25
3466,25
3467,25
3468,25
3469,45
3470,35
3471,18
3472,25
3473,35
3474,35
3475,25
3476,50
3477,50
3478,25
3479,18
3480,25
3481,18
3482,50
3483,45
3484,18
3485,25
3486,18
3487,18
3488,45
3489,18
3490,25
3491,25
3492,35
3493,25
3494,25
3495,18
3496,35
3497,35
3498,25
3499,25
3500,35
3501,35
3502,18
3503,18
3504,18
3505,25
3506,18
3507,25
3508,18
3509,18
3510,18
3511,50
3512,18
3513,25
3514,18
3515,35
3516,18
3517,18
3518,18
3519,25
3520,25
3521,25
3522,18
3523,35
3524,25
3525,18
3526,35
3527,25
3528,35
3529,45
3530,25
3531,25
3532,35
3533,25
3534,35
3535,45
3536,18
3537,1
3538,35
3539,25
3540,18
3541,25
3542,25
3543,25
3544,25
3545,35
3546,25
3547,35
3548,45
3549,35
3550,25
3551,56
3552,35
3553,35
3554,25
3555,56
3556,25
3557,18
3558,18
3559,18
3560,25
3561,35
3562,25
3563,25
3564,25
3565,25
3566,45
3567,25
3568,25
3569,18
3570,35
3571,18
3572,35
3573,1
3574,35
3575,25
3576,50
3577,56
3578,50
3579,18
3580,18
3581,18
3582,35
3583,25
3584,18
3585,35
3586,35
3587,35
3588,25
3589,45
3590,18
3591,35
3592,56
3593,25
3594,1
3595,25
3596,35
3597,25
3598,56
3599,25
3600,35
3601,35
3602,25
3603,35
3604,1
3605,18
3606,25
3607,35
3608,35
3609,25
3610,18
3611,25
3612,25
3613,25
3614,25
3615,25
3616,45
3617,35
3618,56
3619,50
3620,25
3621,18
3622,18
3623,35
3624,25
3625,18
3626,25
3627,35
3628,25
3629,50
3630,18
3631,18
3632,50
3633,35
3634,50
3635,50
3636,25
3637,25
3638,25
3639,18
3640,35
3641,25
3642,25
3643,25
3644,25
3645,35
3646,35
3647,25
3648,18
3649,25
3650,25
3651,25
3652,25
3653,18
3654,25
3655,25
3656,45
3657,18
3658,25
3659,18
3660,35
3661,35
3662,35
3663,35
3664,35
3665,25
3666,45
3667,1
3668,45
3669,25
3670,45
3671,25
3672,35
3673,25
3674,25
3675,35
3676,35
3677,25
3678,25
3679,25
3680,25
3681,25
3682,50
3683,25
3684,25
3685,25
3686,25
3687,50
3688,18
3689,25
3690,18
3691,25
3692,35
3693,25
3694,25
3695,25
3696,35
3697,25
3698,25
3699,56
3700,25
3701,35
3702,35
3703,18
3704,35
3705,45
3706,25
3707,18
3708,56
3709,25
3710,1
3711,35
3712,25
3713,25
3714,25
3715,18
3716,18
3717,35
3718,50
3719,25
3720,45
3721,25
3722,25
3723,25
3724,35
3725,18
3726,25
3727,35
3728,18
3729,18
3730,25
3731,25
3732,25
3733,18
3734,18
3735,25
3736,35
3737,25
3738,45
3739,56
3740,18
3741,25
3742,25
3743,35
3744,25
3745,25
3746,25
3747,45
3748,18
3749,25
3750,18
3751,35
3752,18
3753,25
3754,56
3755,50
3756,18
3757,25
3758,35
3759,35
3760,50
3761,25
3762,50
3763,25
3764,25
3765,50
3766,18
3767,25
3768,25
3769,25
3770,35
3771,25
3772,35
3773,35
3774,25
3775,35
3776,25
3777,18
3778,25
3779,45
3780,1
3781,56
3782,25
3783,25
3784,25
3785,25
3786,25
3787,25
3788,18
3789,25
3790,25
3791,50
3792,25
3793,18
3794,18
3795,18
3796,45
3797,25
3798,25
3799,18
3800,18
3801,18
3802,18
3803,35
3804,25
3805,35
3806,18
3807,35
3808,25
3809,35
3810,50
3811,25
3812,35
3813,35
3814,25
3815,25
3816,25
3817,35
3818,45
3819,25
3820,25
3821,25
3822,45
3823,56
3824,25
3825,18
3826,25
3827,50
3828,25
3829,25
3830,18
3831,18
3832,25
3833,25
3834,18
3835,25
3836,50
3837,25
3838,25
3839,50
3840,25
3841,45
3842,35
3843,1
3844,18
3845,25
3846,35
3847,25
3848,25
3849,35
3850,18
3851,25
3852,50
3853,25
3854,25
3855,25
3856,35
3857,18
3858,45
3859,25
3860,45
3861,18
3862,25
3863,25
3864,50
3865,1
3866,45
3867,35
3868,18
3869,18
3870,25
3871,18
3872,25
3873,45
3874,25
3875,25
3876,25
3877,45
3878,35
3879,25
3880,25
3881,18
3882,56
3883,50
3884,18
3885,25
3886,35
3887,18
3888,45
3889,45
3890,18
3891,56
3892,25
3893,25
3894,35
3895,35
3896,35
3897,56
3898,45
3899,25
3900,25
3901,18
3902,25
3903,25
3904,1
3905,25
3906,50
3907,18
3908,25
3909,18
3910,25
3911,18
3912,25
3913,18
3914,35
3915,35
3916,25
3917,35
3918,25
3919,45
3920,35
3921,25
3922,18
3923,35
3924,50
3925,25
3926,25
3927,25
3928,25
3929,25
3930,56
3931,25
3932,25
3933,35
3934,25
3935,35
3936,35
3937,56
3938,25
3939,45
3940,35
3941,45
3942,18
3943,35
3944,35
3945,45
3946,25
3947,25
3948,45
3949,45
3950,25
3951,18
3952,45
3953,25
3954,18
3955,35
3956,25
3957,35
3958,45
3959,45
3960,35
3961,25
3962,56
3963,50
3964,56
3965,18
3966,25
3967,18
3968,25
3969,56
3970,25
3971,18
3972,25
3973,25
3974,35
3975,25
3976,25
3977,35
3978,35
3979,50
3980,25
3981,45
3982,56
3983,25
3984,25
3985,45
3986,25
3987,18
3988,25
3989,50
3990,25
3991,25
3992,25
3993,25
3994,50
3995,35
3996,18
3997,35
3998,45
3999,35
4000,35
4001,25
4002,45
4003,56
4004,50
4005,35
4006,1
4007,35
4008,18
4009,18
4010,25
4011,25
4012,18
4013,25
4014,25
4015,45
4016,50
4017,25
4018,45
4019,35
4020,25
4021,50
4022,35
4023,35
4024,25
4025,56
4026,25
4027,25
4028,25
4029,56
4030,35
4031,25
4032,25
4033,25
4034,25
4035,18
4036,25
4037,50
4038,50
4039,25
4040,25
4041,18
4042,35
4043,25
4044,35
4045,56
4046,45
4047,18
4048,35
4049,45
4050,35
4051,18
4052,25
4053,25
4054,35
4055,50
4056,1
4057,35
4058,25
4059,25
4060,25
4061,50
4062,25
4063,35
4064,45
4065,45
4066,25
4067,45
4068,56
4069,35
4070,25
4071,25
4072,50
4073,25
4074,35
4075,25
4076,25
4077,35
4078,25
4079,35
4080,35
4081,18
4082,25
4083,56
4084,56
4085,25
4086,1
4087,1
4088,25
4089,25
4090,56
4091,25
4092,25
4093,25
4094,25
4095,25
4096,25
4097,25
4098,35
4099,35
4100,56
4101,18
4102,1
4103,18
4104,18
4105,50
4106,25
4107,25
4108,35
4109,35
4110,45
4111,25
4112,45
4113,35
4114,35
4115,25
4116,35
4117,18
4118,25
4119,50
4120,25
4121,45
4122,18
4123,25
4124,25
4125,35
4126,25
4127,50
4128,35
4129,56
4130,35
4131,45
4132,25
4133,45
4134,45
4135,1
4136,50
4137,25
4138,25
4139,56
4140,25
4141,35
4142,56
4143,25
4144,18
4145,50
4146,35
4147,50
4148,35
4149,35
4150,25
4151,45
4152,25
4153,50
4154,25
4155,50
4156,56
4157,50
4158,1
4159,50
4160,35
4161,45
4162,25
4163,56
4164,35
4165,25
4166,25
4167,25
4168,45
4169,50
4170,45
4171,56
4172,35
4173,18
4174,35
4175,35
4176,45
4177,35
4178,50
4179,35
4180,56
4181,25
4182,25
4183,25
4184,50
4185,25
4186,25
4187,56
4188,50
4189,35
4190,45
4191,45
4192,35
4193,56
4194,18
4195,56
4196,35
4197,45
4198,18
4199,25
4200,45
4201,25
4202,25
4203,25
4204,35
4205,25
4206,35
4207,35
4208,35
4209,56
4210,25
4211,45
4212,56
4213,35
4214,25
4215,25
4216,25
4217,18
4218,50
4219,35
4220,35
4221,35
4222,45
4223,35
4224,45
4225,25
4226,35
4227,25
4228,50
4229,35
4230,56
4231,50
4232,35
4233,35
4234,45
4235,50
4236,25
4237,25
4238,35
4239,50
4240,35
4241,35
4242,50
4243,56
4244,35
4245,50
4246,35
4247,25
4248,25
4249,18
4250,50
4251,45
4252,35
4253,45
4254,25
4255,50
4256,1
4257,50
4258,25
4259,35
4260,25
4261,35
4262,35
4263,25
4264,45
4265,25
4266,56
4267,35
4268,45
4269,35
4270,45
4271,35
4272,45
4273,45
4274,45
4275,45
4276,45
4277,35
4278,45
4279,25
4280,35
4281,56
4282,35
4283,25
4284,50
4285,35
4286,35
4287,25
4288,25
4289,35
4290,25
4291,35
4292,25
4293,45
4294,1
4295,18
4296,56
4297,45
4298,18
4299,25
4300,18
4301,35
4302,50
4303,25
4304,18
4305,45
4306,45
4307,25
4308,25
4309,25
4310,25
4311,50
4312,25
4313,25
4314,25
4315,18
4316,25
4317,35
4318,25
4319,35
4320,25
4321,45
4322,50
4323,18
4324,25
4325,25
4326,45
4327,35
4328,50
4329,25
4330,45
4331,35
4332,25
4333,50
4334,25
4335,35
4336,25
4337,18
4338,18
4339,25
4340,25
4341,35
4342,25
4343,25
4344,25
4345,25
4346,18
4347,18
4348,45
4349,18
4350,18
4351,25
4352,18
4353,25
4354,35
4355,50
4356,35
4357,35
4358,35
4359,18
4360,25
4361,35
4362,25
4363,35
4364,25
4365,50
4366,18
4367,35
4368,18
4369,50
4370,25
4371,18
4372,35
4373,50
4374,18
4375,25
4376,25
4377,25
4378,18
4379,25
4380,25
4381,25
4382,25
4383,18
4384,25
4385,25
4386,25
4387,18
4388,45
4389,25
4390,25
4391,18
4392,18
4393,18
4394,25
4395,50
4396,18
4397,18
4398,18
4399,18
4400,18
4401,18
4402,18
4403,25
4404,25
4405,25
4406,25
4407,18
4408,45
4409,25
4410,18
4411,18
4412,18
4413,1
4414,25
4415,18
4416,18
4417,25
4418,50
4419,45
4420,25
4421,45
4422,25
4423,18
4424,25
4425,35
4426,45
4427,18
4428,25
4429,25
4430,25
4431,1
4432,25
4433,25
4434,35
4435,25
4436,25
4437,35
4438,50
4439,35
4440,35
4441,18
4442,50
4443,56
4444,25
4445,25
4446,18
4447,45
4448,25
4449,25
4450,25
4451,25
4452,25
4453,35
4454,25
4455,35
4456,35
4457,35
4458,25
4459,25
4460,25
4461,25
4462,25
4463,50
4464,50
4465,18
4466,35
4467,50
4468,35
4469,45
4470,35
4471,25
4472,45
4473,35
4474,35
4475,18
4476,45
4477,25
4478,1
4479,50
4480,25
4481,25
4482,35
4483,25
4484,25
4485,25
4486,35
4487,25
4488,35
4489,18
4490,35
4491,18
4492,56
4493,1
4494,45
4495,18
4496,45
4497,50
4498,50
4499,25
4500,50
4501,25
4502,50
4503,56
4504,25
4505,50
4506,50
4507,18
4508,25
4509,25
4510,45
4511,35
4512,25
4513,56
4514,18
4515,56
4516,18
4517,18
4518,25
4519,50
4520,25
4521,35
4522,45
4523,18
4524,25
4525,25
4526,25
4527,18
4528,25
4529,35
4530,35
4531,18
4532,25
4533,25
4534,18
4535,18
4536,18
4537,45
4538,25
4539,35
4540,25
4541,1
4542,35
4543,25
4544,56
4545,25
4546,25
4547,18
4548,18
4549,1
4550,18
4551,18
4552,25
4553,35
4554,25
4555,18
4556,45
4557,25
4558,35
4559,25
4560,25
4561,25
4562,35
4563,25
4564,35
4565,35
4566,35
4567,18
4568,25
4569,25
4570,45
4571,35
4572,1
4573,50
4574,25
4575,1
4576,25
4577,35
4578,25
4579,18
4580,56
4581,25
4582,25
4583,50
4584,45
4585,35
4586,25
4587,35
4588,25
4589,25
4590,18
4591,25
4592,18
4593,45
4594,35
4595,25
4596,18
4597,25
4598,35
4599,35
4600,25
4601,35
4602,35
4603,35
4604,25
4605,25
4606,1
4607,25
4608,25
4609,25
4610,25
4611,18
4612,18
4613,25
4614,45
4615,25
4616,25
4617,25
4618,25
4619,25
4620,18
4621,25
4622,25
4623,25
4624,25
4625,25
4626,25
4627,56
4628,56
4629,18
4630,25
4631,18
4632,25
4633,1
4634,50
4635,18
4636,18
4637,35
4638,25
4639,35
4640,25
4641,25
4642,25
4643,25
4644,50
4645,50
4646,25
4647,35
4648,18
4649,56
4650,25
4651,45
4652,25
4653,35
4654,35
4655,25
4656,25
4657,45
4658,25
4659,25
4660,18
4661,45
4662,18
4663,25
4664,45
4665,35
4666,35
4667,25
4668,35
4669,35
4670,35
4671,25
4672,56
4673,35
4674,35
4675,18
4676,45
4677,50
4678,35
4679,56
4680,35
4681,35
4682,25
4683,25
4684,25
4685,35
4686,18
4687,35
4688,25
4689,18
4690,1
4691,45
4692,25
4693,18
4694,56
4695,18
4696,18
4697,18
4698,25
4699,18
4700,18
4701,45
4702,25
4703,25
4704,18
4705,18
4706,25
4707,1
4708,25
4709,45
4710,35
4711,25
4712,35
4713,25
4714,50
4715,25
4716,25
4717,45
4718,35
4719,35
4720,25
4721,35
4722,35
4723,35
4724,56
4725,35
4726,35
4727,56
4728,25
4729,50
4730,50
4731,25
4732,25
4733,18
4734,50
4735,45
4736,18
4737,35
4738,56
4739,25
4740,25
4741,35
4742,25
4743,56
4744,50
4745,18
4746,50
4747,18
4748,45
4749,45
4750,25
4751,50
4752,18
4753,56
4754,18
4755,56
4756,56
4757,35
4758,56
4759,50
4760,35
4761,18
4762,25
4763,56
4764,1
4765,35
4766,35
4767,35
4768,25
4769,25
4770,35
4771,25
4772,56
4773,45
4774,45
4775,25
4776,25
4777,25
4778,25
4779,45
4780,25
4781,50
4782,45
4783,25
4784,35
4785,25
4786,45
4787,1
4788,35
4789,35
4790,25
4791,18
4792,50
4793,25
4794,35
4795,45
4796,35
4797,35
4798,25
4799,18
4800,18
4801,25
4802,56
4803,25
4804,35
4805,35
4806,25
4807,1
4808,35
4809,50
4810,18
4811,35
4812,18
4813,35
4814,18
4815,50
4816,45
4817,25
4818,25
4819,35
4820,50
4821,18
4822,35
4823,18
4824,25
4825,25
4826,45
4827,35
4828,18
4829,25
4830,1
4831,25
4832,25
4833,35
4834,45
4835,25
4836,45
4837,25
4838,45
4839,50
4840,45
4841,25
4842,35
4843,56
4844,45
4845,25
4846,25
4847,25
4848,35
4849,18
4850,45
4851,18
4852,35
4853,25
4854,50
4855,25
4856,25
4857,25
4858,25
4859,18
4860,25
4861,25
4862,25
4863,25
4864,18
4865,35
4866,56
4867,25
4868,35
4869,45
4870,35
4871,18
4872,45
4873,56
4874,25
4875,35
4876,35
4877,25
4878,50
4879,25
4880,45
4881,45
4882,45
4883,1
4884,35
4885,56
4886,35
4887,18
4888,56
4889,18
4890,25
4891,35
4892,25
4893,25
4894,35
4895,25
4896,35
4897,35
4898,25
4899,25
4900,25
4901,25
4902,35
4903,35
4904,50
4905,45
4906,50
4907,50
4908,35
4909,35
4910,18
4911,25
4912,50
4913,25
4914,25
4915,25
4916,18
4917,45
4918,18
4919,18
4920,35
4921,25
4922,18
4923,45
4924,35
4925,35
4926,1
4927,45
4928,25
4929,45
4930,50
4931,50
4932,25
4933,25
4934,25
4935,35
4936,18
4937,35
4938,18
4939,25
4940,50
4941,56
4942,45
4943,50
4944,50
4945,50
4946,35
4947,35
4948,45
4949,18
4950,25
4951,35
4952,25
4953,35
4954,45
4955,56
4956,35
4957,25
4958,18
4959,25
4960,56
4961,25
4962,25
4963,45
4964,35
4965,1
4966,50
4967,18
4968,50
4969,18
4970,25
4971,35
4972,35
4973,56
4974,35
4975,35
4976,25
4977,25
4978,35
4979,35
4980,25
4981,50
4982,25
4983,45
4984,35
4985,35
4986,18
4987,56
4988,25
4989,25
4990,25
4991,56
4992,25
4993,45
4994,45
4995,50
4996,35
4997,1
4998,18
4999,56
5000,25
5001,25
5002,25
5003,35
5004,56
5005,45
5006,35
5007,18
5008,25
5009,45
5010,45
5011,18
5012,50
5013,18
5014,45
5015,35
5016,35
5017,35
5018,56
5019,25
5020,56
5021,50
5022,35
5023,35
5024,45
5025,25
5026,25
5027,25
5028,25
5029,25
5030,18
5031,25
5032,18
5033,56
5034,25
5035,25
5036,35
5037,35
5038,25
5039,35
5040,45
5041,45
5042,18
5043,18
5044,35
5045,35
5046,25
5047,45
5048,35
5049,25
5050,18
5051,50
5052,35
5053,25
5054,35
5055,35
5056,45
5057,50
5058,56
5059,45
5060,45
5061,18
5062,50
5063,1
5064,18
5065,25
5066,25
5067,56
5068,35
5069,56
5070,25
5071,25
5072,45
5073,56
5074,1
5075,50
5076,25
5077,25
5078,45
5079,25
5080,50
5081,18
5082,35
5083,25
5084,18
5085,56
5086,25
5087,25
5088,25
5089,35
5090,35
5091,25
5092,56
5093,50
5094,18
5095,35
5096,25
5097,56
5098,50
5099,18
5100,50
5101,25
5102,25
5103,35
5104,35
5105,50
5106,35
5107,45
5108,25
5109,45
5110,35
5111,35
5112,35
5113,25
5114,1
5115,56
5116,35
5117,25
5118,1
5119,25
5120,50
5121,25
5122,25
5123,50
5124,35
5125,45
5126,25
5127,45
5128,50
5129,45
5130,50
5131,25
5132,35
5133,18
5134,25
5135,35
5136,25
5137,18
5138,25
5139,50
5140,25
5141,18
5142,25
5143,18
5144,50
5145,35
5146,56
5147,18
5148,25
5149,35
5150,25
5151,18
5152,25
5153,25
5154,25
5155,25
5156,18
5157,35
5158,18
5159,35
5160,18
5161,25
5162,25
5163,45
5164,35
5165,35
5166,50
5167,18
5168,35
5169,50
5170,18
5171,56
5172,35
5173,1
5174,45
5175,35
5176,1
5177,45
5178,50
5179,25
5180,35
5181,25
5182,35
5183,18
5184,18
5185,35
5186,35
5187,18
5188,35
5189,45
5190,35
5191,25
5192,25
5193,35
5194,25
5195,35
5196,56
5197,56
5198,18
5199,25
5200,35
5201,50
5202,18
5203,45
5204,50
5205,25
5206,35
5207,25
5208,25
5209,50
5210,35
5211,25
5212,18
5213,18
5214,35
5215,56
5216,18
5217,25
5218,18
5219,18
5220,25
5221,56
5222,25
5223,56
5224,35
5225,18
5226,35
5227,18
5228,1
5229,25
5230,25
5231,35
5232,25
5233,25
5234,25
5235,25
5236,25
5237,25
5238,50
5239,35
5240,25
5241,25
5242,25
5243,1
5244,18
5245,45
5246,18
5247,1
5248,45
5249,45
5250,50
5251,25
5252,25
5253,56
5254,18
5255,1
5256,25
5257,25
5258,35
5259,25
5260,35
5261,35
5262,25
5263,35
5264,18
5265,45
5266,35
5267,35
5268,25
5269,18
5270,25
5271,25
5272,25
5273,56
5274,25
5275,25
5276,25
5277,25
5278,25
5279,25
5280,18
5281,25
5282,18
5283,18
5284,25
5285,18
5286,45
5287,25
5288,56
5289,45
5290,18
5291,45
5292,25
5293,25
5294,25
5295,35
5296,1
5297,25
5298,35
5299,25
5300,25
5301,25
5302,1
5303,56
5304,35
5305,18
5306,25
5307,25
5308,56
5309,25
5310,56
5311,50
5312,25
5313,56
5314,25
5315,25
5316,18
5317,25
5318,18
5319,18
5320,18
5321,25
5322,35
5323,25
5324,25
5325,50
5326,25
5327,25
5328,25
5329,25
5330,25
5331,35
5332,18
5333,25
5334,56
5335,25
5336,56
5337,35
5338,25
5339,18
5340,50
5341,25
5342,35
5343,25
5344,50
5345,25
5346,25
5347,25
5348,18
5349,50
5350,18
5351,45
5352,35
5353,25
5354,45
5355,56
5356,45
5357,18
5358,35
5359,18
5360,18
5361,50
5362,35
5363,56
5364,25
5365,18
5366,18
5367,18
5368,25
5369,25
5370,25
5371,25
5372,25
5373,18
5374,35
5375,25
5376,25
5377,18
5378,35
5379,25
5380,18
5381,25
5382,18
5383,35
5384,25
5385,25
5386,25
5387,25
5388,18
5389,45
5390,1
5391,25
5392,50
5393,35
5394,18
5395,50
5396,25
5397,18
5398,56
5399,25
5400,18
5401,18
5402,25
5403,1
5404,25
5405,50
5406,35
5407,35
5408,25
5409,45
5410,45
5411,1
5412,25
5413,35
5414,1
5415,25
5416,25
5417,18
5418,25
5419,18
5420,1
5421,35
5422,50
5423,50
5424,35
5425,18
5426,25
5427,35
5428,25
5429,25
5430,45
5431,56
5432,56
5433,35
5434,25
5435,45
5436,18
5437,25
5438,25
5439,56
5440,45
5441,50
5442,25
5443,25
5444,18
5445,25
5446,50
5447,45
5448,45
5449,18
5450,18
5451,25
5452,35
5453,18
5454,35
5455,18
5456,35
5457,18
5458,18
5459,1
5460,18
5461,50
5462,25
5463,35
5464,35
5465,25
5466,25
5467,35
5468,25
5469,35
5470,56
5471,18
5472,35
5473,25
5474,25
5475,25
5476,35
5477,35
5478,35
5479,35
5480,25
5481,45
5482,18
5483,25
5484,45
5485,25
5486,25
5487,25
5488,25
5489,18
5490,45
5491,18
5492,18
5493,35
5494,35
5495,18
5496,25
5497,25
5498,50
5499,25
5500,35
5501,25
5502,25
5503,25
5504,45
5505,25
5506,18
5507,45
5508,25
5509,25
5510,18
5511,45
5512,25
5513,35
5514,1
5515,18
5516,50
5517,56
5518,50
5519,35
5520,45
5521,25
5522,25
5523,35
5524,1
5525,1
5526,35
5527,25
5528,50
5529,18
5530,18
5531,50
5532,25
5533,50
5534,45
5535,25
5536,25
5537,56
5538,45
5539,25
5540,35
5541,56
5542,45
5543,25
5544,25
5545,35
5546,18
5547,18
5548,18
5549,50
5550,35
5551,35
5552,50
5553,35
5554,25
5555,1
5556,45
5557,35
5558,1
5559,50
5560,35
5561,25
5562,35
5563,25
5564,45
5565,18
5566,35
5567,50
5568,18
5569,18
5570,25
5571,25
5572,25
5573,35
5574,25
5575,35
5576,25
5577,50
5578,18
5579,35
5580,45
5581,25
5582,45
5583,56
5584,50
5585,25
5586,35
5587,25
5588,25
5589,25
5590,45
5591,18
5592,25
5593,50
5594,45
5595,25
5596,35
5597,18
5598,18
5599,35
5600,45
5601,35
5602,35
5603,50
5604,35
5605,18
5606,25
5607,18
5608,18
5609,50
5610,25
5611,35
5612,25
5613,35
5614,25
5615,35
5616,45
5617,25
5618,18
5619,18
5620,35
5621,25
5622,35
5623,25
5624,25
5625,25
5626,56
5627,25
5628,18
5629,25
5630,35
5631,35
5632,18
5633,50
5634,25
5635,35
5636,25
5637,1
5638,18
5639,18
5640,35
5641,25
5642,1
5643,35
5644,18
5645,25
5646,18
5647,18
5648,25
5649,18
5650,35
5651,25
5652,18
5653,50
5654,25
5655,25
5656,25
5657,50
5658,56
5659,25
5660,25
5661,25
5662,1
5663,35
5664,18
5665,18
5666,18
5667,35
5668,25
5669,56
5670,18
5671,25
5672,25
5673,35
5674,35
5675,35
5676,25
5677,25
5678,35
5679,35
5680,50
5681,25
5682,18
5683,18
5684,18
5685,25
5686,56
5687,1
5688,18
5689,25
5690,18
5691,35
5692,25
5693,25
5694,25
5695,35
5696,25
5697,25
5698,35
5699,35
5700,18
5701,25
5702,18
5703,56
5704,18
5705,18
5706,18
5707,25
5708,35
5709,18
5710,25
5711,25
5712,35
5713,50
5714,35
5715,18
5716,1
5717,25
5718,35
5719,56
5720,25
5721,45
5722,25
5723,18
5724,25
5725,18
5726,25
5727,25
5728,35
5729,18
5730,18
5731,25
5732,25
5733,25
5734,25
5735,25
5736,25
5737,45
5738,25
5739,25
5740,25
5741,50
5742,25
5743,35
5744,25
5745,18
5746,18
5747,25
5748,25
5749,25
5750,18
5751,1
5752,56
5753,18
5754,18
5755,35
5756,1
5757,1
5758,50
5759,25
5760,18
5761,25
5762,35
5763,25
5764,50
5765,25
5766,56
5767,25
5768,1
5769,45
5770,25
5771,25
5772,35
5773,25
5774,18
5775,25
5776,18
5777,1
5778,35
5779,25
5780,18
5781,25
5782,35
5783,45
5784,18
5785,25
5786,25
5787,25
5788,25
5789,25
5790,35
5791,18
5792,25
5793,25
5794,35
5795,25
5796,25
5797,25
5798,35
5799,25
5800,35
5801,25
5802,25
5803,1
5804,35
5805,25
5806,50
5807,35
5808,25
5809,25
5810,50
5811,18
5812,25
5813,25
5814,25
5815,25
5816,25
5817,25
5818,25
5819,50
5820,45
5821,25
5822,35
5823,25
5824,18
5825,25
5826,18
5827,25
5828,25
5829,25
5830,18
5831,25
5832,25
5833,35
5834,56
5835,35
5836,25
5837,25
5838,45
5839,25
5840,1
5841,35
5842,25
5843,35
5844,1
5845,25
5846,45
5847,18
5848,50
5849,35
5850,25
5851,18
5852,25
5853,50
5854,45
5855,50
5856,25
5857,45
5858,25
5859,25
5860,25
5861,50
5862,25
5863,25
5864,50
5865,25
5866,25
5867,45
5868,35
5869,25
5870,25
5871,25
5872,25
5873,18
5874,25
5875,25
5876,50
5877,18
5878,25
5879,35
5880,25
5881,35
5882,35
5883,18
5884,18
5885,25
5886,25
5887,35
5888,25
5889,50
5890,35
5891,18
5892,45
5893,25
5894,35
5895,25
5896,25
5897,25
5898,18
5899,35
5900,25
5901,35
5902,50
5903,25
5904,45
5905,35
5906,18
5907,25
5908,25
5909,18
5910,45
5911,25
5912,25
5913,18
5914,35
5915,18
5916,50
5917,50
5918,25
5919,18
5920,25
5921,25
5922,56
5923,25
5924,35
5925,25
5926,50
5927,35
5928,45
5929,35
5930,35
5931,18
5932,18
5933,25
5934,25
5935,18
5936,18
5937,25
5938,25
5939,45
5940,50
5941,25
5942,45
5943,45
5944,18
5945,35
5946,56
5947,45
5948,56
5949,18
5950,25
5951,18
5952,45
5953,1
5954,45
5955,25
5956,18
5957,18
5958,45
5959,18
5960,45
5961,45
5962,35
5963,25
5964,18
5965,25
5966,35
5967,50
5968,56
5969,45
5970,35
5971,35
5972,25
5973,1
5974,25
5975,25
5976,25
5977,35
5978,35
5979,25
5980,56
5981,35
5982,35
5983,25
5984,25
5985,18
5986,56
5987,25
5988,25
5989,1
5990,25
5991,35
5992,18
5993,50
5994,35
5995,35
5996,25
5997,25
5998,18
5999,25
6000,45
6001,25
6002,50
6003,45
6004,25
6005,25
6006,1
6007,35
6008,18
6009,25
6010,35
6011,35
6012,35
6013,25
6014,45
6015,25
6016,45
6017,35
6018,35
6019,25
6020,50
6021,25
6022,25
6023,25
6024,25
6025,25
6026,35
6027,18
6028,18
6029,25
6030,25
6031,18
6032,45
6033,50
6034,25
6035,25
6036,25
6037,45
6038,56
6039,45
6040,25
